2 0.726461 0.541073 0.019141 0.016429
2 0.694779 0.542833 0.011224 0.022296
0 0.150525 0.451886 0.009241 0.016430
0 0.138314 0.486505 0.015182 0.015256
0 0.544935 0.371500 0.008578 0.017603
0 0.532724 0.400251 0.014521 0.016429
1 0.650221 0.514082 0.006599 0.021123
1 0.636688 0.524644 0.016500 0.014082
1 0.624477 0.515256 0.007922 0.021123
0 0.650221 0.425482 0.006599 0.017603
0 0.637677 0.451886 0.019802 0.016430
0 0.607974 0.443085 0.006604 0.019949
0 0.280235 0.789857 0.015182 0.018776
0 0.243269 0.795725 0.012542 0.016429
1 0.699396 0.465381 0.012542 0.012909
1 0.672995 0.455407 0.005937 0.021123
1 0.875974 0.268232 0.019802 0.017603
