2 0.587513 0.668985 0.007922 0.023470
2 0.565729 0.676613 0.015844 0.015256
2 0.563419 0.695976 0.020464 0.018776
0 0.528432 0.562783 0.007260 0.022297
0 0.505989 0.564543 0.016502 0.016429
1 0.473314 0.542246 0.011882 0.016430
1 0.480905 0.560436 0.009901 0.022297
1 0.458132 0.557502 0.013202 0.014082
1 0.677615 0.592121 0.007260 0.017603
1 0.654180 0.600335 0.013203 0.017602
1 0.645268 0.585080 0.009901 0.019950
1 0.601372 0.627913 0.007922 0.021123
1 0.794451 0.256496 0.020464 0.015256
1 0.958487 0.175524 0.021120 0.015256
1 0.977630 0.213663 0.009240 0.056329
1 0.936044 0.206036 0.015839 0.059849
1 0.956836 0.198995 0.005943 0.024644
