2 0.728112 0.541073 0.018484 0.018776
2 0.696096 0.545180 0.011224 0.024644
0 0.546255 0.370914 0.008583 0.016430
1 0.603354 0.515842 0.006604 0.024644
1 0.617878 0.522883 0.011880 0.012909
0 0.647250 0.424895 0.008583 0.016430
0 0.637018 0.451299 0.017161 0.015256
0 0.605003 0.444845 0.011224 0.018777
0 0.269673 0.777535 0.015182 0.017602
0 0.234358 0.784576 0.009241 0.024644
1 0.678935 0.507041 0.009901 0.018776
1 0.836370 0.255910 0.015844 0.018777
0 0.553187 0.383236 0.005281 0.017603
0 0.532721 0.400251 0.011880 0.016429
