0 0.105639 0.611483 0.011882 0.025817
0 0.088806 0.636714 0.023104 0.017603
0 0.229077 0.627326 0.011882 0.017602
0 0.259442 0.631433 0.011882 0.021123
2 0.780260 0.931263 0.014521 0.015252
2 0.749896 0.910728 0.007917 0.021123
1 0.311260 0.622045 0.020463 0.018776
1 0.290466 0.614417 0.011882 0.019949
1 0.283535 0.627913 0.012542 0.023470
1 0.189801 0.639061 0.013862 0.017603
1 0.159437 0.641994 0.011221 0.018776
1 0.372319 0.645515 0.011882 0.018777
1 0.346245 0.634954 0.012542 0.018776
1 0.351856 0.651970 0.011882 0.017603
0 0.109599 0.795725 0.011882 0.028164
