0 0.692466 0.593881 0.011880 0.016429
0 0.672664 0.592120 0.006599 0.022296
1 0.783229 0.790444 0.012542 0.022297
1 0.813596 0.815675 0.020464 0.014082
1 0.837359 0.752892 0.013865 0.015256
1 0.814586 0.727661 0.014526 0.011735
0 0.627117 0.561022 0.018484 0.011735
0 0.631737 0.578038 0.018484 0.017603
1 0.977961 0.559849 0.013859 0.016430
1 0.963768 0.547527 0.010557 0.017603
1 0.953208 0.558088 0.010562 0.017603
1 0.811284 0.657250 0.011880 0.016429
1 0.779602 0.653143 0.011880 0.019949
0 0.231718 0.430763 0.009242 0.011735
0 0.227097 0.461861 0.011882 0.015256
0 0.204324 0.448952 0.009902 0.015256
1 0.882247 0.340989 0.015182 0.022297
