2 0.595104 0.691869 0.017823 0.019949
2 0.589161 0.672506 0.017823 0.014082
2 0.564409 0.670159 0.011880 0.021123
0 0.519522 0.570998 0.017165 0.017603
0 0.524471 0.588013 0.009901 0.018776
0 0.494437 0.592120 0.011882 0.015256
1 0.365388 0.467729 0.013862 0.015256
1 0.370339 0.486505 0.011882 0.015256
1 0.346905 0.475943 0.011221 0.015256
1 0.702370 0.605029 0.005281 0.019949
1 0.680255 0.613831 0.013865 0.016430
1 0.670023 0.597401 0.009245 0.018777
1 0.537344 0.630846 0.009240 0.019950
1 0.828776 0.268819 0.017823 0.018776
1 0.959146 0.174351 0.019802 0.019950
1 0.977630 0.208969 0.009240 0.061022
1 0.937365 0.204275 0.014521 0.056329
1 0.957497 0.200755 0.005943 0.032858
