2 0.675964 0.627326 0.010562 0.022296
2 0.700060 0.630846 0.020464 0.015256
2 0.704349 0.650796 0.018479 0.015256
0 0.569029 0.535792 0.009245 0.022297
0 0.553846 0.568063 0.014526 0.014082
0 0.728773 0.475943 0.018484 0.012908
0 0.731745 0.493545 0.012542 0.015256
0 0.705669 0.493545 0.009245 0.015256
1 0.666393 0.717686 0.016505 0.015256
1 0.649891 0.705364 0.008583 0.021123
1 0.872344 0.634954 0.013865 0.016430
1 0.848911 0.613244 0.011885 0.010562
1 0.848250 0.632606 0.011885 0.018776
1 0.650221 0.588600 0.007922 0.019950
1 0.995453 0.277033 0.013198 0.016429
