0 0.199043 0.411400 0.019143 0.019950
0 0.167688 0.417267 0.018483 0.017603
0 0.529753 0.491786 0.012547 0.021123
0 0.524473 0.525231 0.017825 0.019950
0 0.502359 0.510562 0.009241 0.018777
1 0.876966 0.423135 0.015182 0.017603
1 0.862773 0.411400 0.011880 0.017602
1 0.855180 0.423722 0.009901 0.021123
1 0.356146 0.415507 0.011222 0.016430
1 0.340634 0.408466 0.018483 0.018777
1 0.336014 0.427242 0.013202 0.014082
0 0.375289 0.633193 0.021783 0.017603
0 0.057781 0.609723 0.016503 0.012909
0 0.038308 0.615004 0.010562 0.018776
0 0.049860 0.620285 0.025744 0.017603
0 0.077584 0.650796 0.019143 0.064543
0 0.053821 0.650796 0.009901 0.052808
0 0.028407 0.663118 0.013202 0.070410
