0 0.712930 0.497653 0.021120 0.014082
0 0.696099 0.476530 0.008583 0.016430
2 0.710620 0.912489 0.008583 0.022296
2 0.740987 0.930677 0.015182 0.018775
1 0.226437 0.590360 0.018483 0.016430
1 0.213565 0.577452 0.013862 0.018776
0 0.191122 0.603856 0.009902 0.017603
0 0.165378 0.609137 0.013863 0.018777
1 0.115540 0.620285 0.014522 0.017603
1 0.333043 0.559849 0.008581 0.016430
1 0.319181 0.558675 0.020463 0.014082
1 0.318851 0.576278 0.013202 0.016429
1 0.968060 0.358006 0.016505 0.018776
0 0.046890 0.778122 0.017162 0.023470
