0 0.728771 0.514669 0.015844 0.015256
0 0.727122 0.498240 0.020464 0.010561
1 0.994464 0.389690 0.016500 0.018776
1 0.973997 0.382062 0.015182 0.022296
1 0.966740 0.394971 0.013865 0.022297
0 0.706331 0.509975 0.007922 0.019950
1 0.467043 0.379715 0.009902 0.017603
1 0.451531 0.373847 0.018483 0.015256
1 0.447900 0.389690 0.012542 0.016430
0 0.473644 0.607963 0.020463 0.016430
0 0.183201 0.576278 0.015182 0.014082
0 0.162407 0.577452 0.011882 0.018776
0 0.175609 0.585080 0.023764 0.019950
0 0.199043 0.615591 0.016502 0.062196
0 0.176599 0.615591 0.007261 0.050461
0 0.153496 0.627912 0.013862 0.068064
