2 0.700057 0.656664 0.019146 0.019950
2 0.696096 0.638474 0.020464 0.016430
2 0.669362 0.634367 0.011880 0.024644
0 0.584542 0.568064 0.013865 0.018776
0 0.565068 0.536379 0.011885 0.018776
0 0.557148 0.552221 0.007922 0.019950
0 0.730094 0.488852 0.006604 0.019950
0 0.707982 0.470075 0.020464 0.015256
0 0.705341 0.486505 0.015182 0.017602
1 0.710620 0.758172 0.013865 0.016430
1 0.690159 0.749958 0.009901 0.025818
1 0.860464 0.627913 0.011219 0.018776
1 0.835708 0.604443 0.010562 0.011735
1 0.837029 0.625566 0.013203 0.016430
1 0.645599 0.595054 0.010562 0.021123
2 0.977961 0.267645 0.015182 0.016429
