0 0.396082 0.595054 0.013202 0.016429
0 0.368688 0.596228 0.009902 0.018776
2 0.861781 0.892539 0.007260 0.022297
2 0.894128 0.916010 0.013859 0.017603
1 0.484866 0.494719 0.019143 0.017603
1 0.460442 0.497653 0.011222 0.021123
1 0.457472 0.584493 0.010561 0.018776
1 0.426447 0.582146 0.011882 0.018777
1 0.127752 0.916599 0.013862 0.025821
1 0.098047 0.898994 0.013862 0.023470
1 0.101018 0.921290 0.014522 0.021123
0 0.221486 0.741744 0.013862 0.030511
0 0.979612 0.510562 0.011880 0.018777
1 0.197063 0.982898 0.012542 0.024648
