0 0.850891 0.495893 0.021125 0.015256
0 0.832737 0.474183 0.009901 0.018777
0 0.197392 0.622045 0.010562 0.021123
0 0.169008 0.626152 0.014522 0.017603
2 0.727781 0.924812 0.013865 0.016431
2 0.697747 0.906621 0.009245 0.022296
1 0.241619 0.603856 0.018483 0.019950
1 0.219836 0.590947 0.013202 0.015256
1 0.215545 0.614417 0.012542 0.022297
1 0.131053 0.606202 0.015182 0.017603
1 0.100688 0.602095 0.011221 0.016430
1 0.301358 0.582146 0.015182 0.018777
1 0.281885 0.586840 0.009241 0.018776
1 0.288486 0.575692 0.011882 0.015256
1 0.954526 0.350964 0.015844 0.021123
0 0.056461 0.808046 0.012542 0.026991
