2 0.709630 0.630847 0.019802 0.017603
2 0.712930 0.649036 0.018484 0.018776
2 0.684875 0.625565 0.008583 0.021123
0 0.541964 0.535792 0.014521 0.017603
0 0.522161 0.532858 0.009241 0.021123
0 0.749896 0.476530 0.010562 0.018776
0 0.756497 0.490025 0.009245 0.017603
0 0.730422 0.504694 0.013865 0.016429
1 0.657151 0.640821 0.016500 0.016430
1 0.637018 0.636127 0.009245 0.021123
1 0.888516 0.640235 0.014521 0.017603
1 0.864094 0.617938 0.011885 0.012908
1 0.864422 0.636127 0.012542 0.018777
1 0.662102 0.588600 0.007922 0.017602
