0 0.363408 0.321039 0.009902 0.024644
0 0.323802 0.304611 0.011222 0.022297
0 0.337994 0.331014 0.019803 0.016429
0 0.386511 0.741156 0.015182 0.022296
0 0.294097 0.668985 0.020463 0.018776
0 0.301688 0.687175 0.013202 0.019950
0 0.270664 0.691282 0.013202 0.021123
2 0.746263 0.705951 0.015182 0.019950
2 0.768708 0.735289 0.013865 0.019950
2 0.738016 0.722967 0.009240 0.021123
1 0.887195 0.623806 0.013203 0.022296
1 0.862112 0.624392 0.013203 0.021123
1 0.824487 0.529338 0.011880 0.018776
1 0.801714 0.531685 0.013865 0.018777
1 0.917562 0.166723 0.015844 0.023470
