0 0.203663 0.407293 0.020463 0.021123
0 0.173629 0.403185 0.014522 0.019950
0 0.624807 0.458340 0.012542 0.019949
0 0.617544 0.490612 0.015182 0.016430
0 0.596753 0.475943 0.010557 0.022297
1 0.876635 0.397905 0.017167 0.014081
1 0.898417 0.410226 0.014521 0.017603
1 0.869372 0.426069 0.011880 0.016429
1 0.358787 0.413747 0.011221 0.017603
1 0.342284 0.408466 0.017823 0.014082
1 0.339974 0.426069 0.013202 0.016429
0 0.431068 0.636127 0.023764 0.016429
0 0.060752 0.607376 0.017163 0.015256
0 0.040619 0.610310 0.012542 0.025818
0 0.054151 0.617351 0.023764 0.021123
0 0.078905 0.647275 0.017823 0.062195
0 0.055801 0.646102 0.007261 0.045767
0 0.030717 0.661358 0.015182 0.066890
