1 0.830758 0.759932 0.020464 0.019950
1 0.798742 0.734702 0.013203 0.025818
0 0.219836 0.420201 0.013202 0.014082
0 0.194092 0.413160 0.010562 0.016430
0 0.675305 0.532858 0.011880 0.016430
0 0.650221 0.541660 0.011880 0.017603
1 0.867724 0.686001 0.008583 0.019949
2 0.837359 0.668399 0.011219 0.017603
0 0.298718 0.504107 0.013862 0.015256
0 0.270664 0.500587 0.007921 0.017603
1 0.912940 0.661358 0.017161 0.017603
1 0.883896 0.644929 0.009240 0.022296
1 0.886867 0.293463 0.015182 0.021123
