0 0.491137 0.502347 0.021123 0.014082
0 0.475624 0.478290 0.011222 0.017603
0 0.202343 0.600922 0.015182 0.016429
2 0.784221 0.927746 0.007922 0.019953
2 0.813596 0.947111 0.016505 0.018778
1 0.283205 0.546940 0.010561 0.021123
1 0.265713 0.569237 0.020463 0.016430
1 0.165048 0.629086 0.015842 0.018776
1 0.134023 0.627326 0.009242 0.019950
1 0.006954 0.556329 0.013862 0.018776
1 0.311259 0.556329 0.015182 0.016430
1 0.300038 0.545180 0.008581 0.019949
1 0.293767 0.553981 0.007921 0.018776
0 0.018175 0.772255 0.024424 0.018776
