0 0.624477 0.486505 0.013203 0.012909
0 0.628768 0.500587 0.011224 0.015256
0 0.605003 0.505281 0.009901 0.017603
2 0.705010 0.597401 0.010562 0.016429
2 0.677617 0.588600 0.015182 0.017602
2 0.671674 0.576278 0.008578 0.016429
0 0.596753 0.489438 0.017161 0.014082
0 0.577609 0.467728 0.009240 0.017603
0 0.570349 0.477117 0.007917 0.022296
0 0.242939 0.799832 0.009241 0.019949
0 0.273964 0.798072 0.015843 0.018777
1 0.672992 0.545181 0.009901 0.015256
1 0.646260 0.552808 0.015844 0.018777
1 0.819865 0.353898 0.014521 0.019950
