0 0.195412 0.425482 0.010561 0.022297
0 0.201353 0.438391 0.013202 0.022296
0 0.171648 0.446019 0.021123 0.016430
0 0.717880 0.659597 0.013865 0.018776
0 0.750227 0.657837 0.009901 0.019950
0 0.755508 0.392624 0.009901 0.019950
0 0.742635 0.419614 0.014521 0.017603
1 0.945615 0.426069 0.013865 0.018776
1 0.911951 0.423722 0.013859 0.016429
1 0.897758 0.413160 0.013203 0.018776
1 0.890169 0.425482 0.009901 0.019949
1 0.343935 0.413160 0.021123 0.011735
1 0.346905 0.430176 0.013862 0.017603
1 0.328092 0.416681 0.009242 0.016430
0 0.352186 0.649623 0.023104 0.017603
0 0.076594 0.668985 0.018483 0.065717
0 0.027747 0.682481 0.014522 0.073931
0 0.055801 0.627913 0.015182 0.011735
0 0.036658 0.632606 0.013862 0.018776
0 0.050190 0.640234 0.023763 0.022296
