2 0.726792 0.540486 0.018479 0.015256
2 0.695438 0.544006 0.012542 0.019950
0 0.051511 0.498239 0.011882 0.017603
0 0.041939 0.535205 0.013862 0.016429
0 0.545596 0.370327 0.009901 0.017603
1 0.647250 0.515843 0.005938 0.019950
1 0.633719 0.524057 0.013198 0.015256
0 0.606984 0.443672 0.009906 0.021123
0 0.638339 0.450713 0.019802 0.014082
0 0.647911 0.425482 0.008583 0.017603
0 0.276604 0.787510 0.015842 0.018776
0 0.239969 0.791031 0.011222 0.021123
1 0.706331 0.489438 0.011880 0.014082
1 0.675635 0.481811 0.008583 0.019949
1 0.837688 0.255323 0.015844 0.019950
0 0.533714 0.400838 0.012542 0.015256
