2 0.616227 0.622045 0.009901 0.021123
2 0.641641 0.624392 0.019802 0.016429
2 0.645599 0.644342 0.019802 0.018776
0 0.589161 0.568063 0.009906 0.016429
0 0.585531 0.548114 0.013198 0.011735
0 0.561438 0.571584 0.009906 0.016430
0 0.588172 0.480050 0.014521 0.016429
0 0.573648 0.451886 0.007922 0.018776
1 0.676956 0.452473 0.013859 0.012908
1 0.665404 0.440738 0.007922 0.017603
1 0.657151 0.453060 0.005938 0.021123
1 0.814586 0.577452 0.009245 0.016430
1 0.816896 0.596228 0.013865 0.016430
1 0.590810 0.586253 0.007922 0.019950
1 0.916570 0.256497 0.021786 0.017603
