0 0.397403 0.773428 0.010561 0.023470
0 0.363407 0.791618 0.015182 0.019950
0 0.125442 0.735289 0.013202 0.019950
0 0.092436 0.711232 0.017162 0.016429
0 0.095407 0.751131 0.016503 0.021123
2 0.521502 0.721794 0.018485 0.016430
2 0.544935 0.745264 0.011224 0.023470
2 0.513580 0.738223 0.010561 0.016429
1 0.981589 0.579799 0.025083 0.021123
1 0.962776 0.565717 0.012542 0.023470
1 0.787852 0.417854 0.008578 0.018777
1 0.666721 0.180219 0.013203 0.019950
0 0.982250 0.126824 0.019802 0.058675
