0 0.025767 0.555742 0.009241 0.017603
0 0.662432 0.424309 0.007260 0.017603
1 0.819536 0.700670 0.011219 0.016430
1 0.795112 0.702431 0.015182 0.019950
1 0.793461 0.682481 0.011880 0.019949
2 0.718211 0.589187 0.013203 0.018776
2 0.687516 0.581559 0.013865 0.019950
2 0.682896 0.565130 0.009906 0.022296
0 0.649891 0.489438 0.009906 0.018777
0 0.657813 0.503520 0.011219 0.023470
0 0.627448 0.509975 0.019146 0.019950
0 0.246900 0.809806 0.015843 0.018776
0 0.212245 0.816261 0.009902 0.022296
1 0.696758 0.496480 0.012547 0.016430
1 0.668044 0.485918 0.009245 0.021123
1 0.842310 0.323387 0.015839 0.024644
0 0.016195 0.593881 0.013862 0.018776
