0 0.458462 0.498240 0.020463 0.019950
0 0.591471 0.466555 0.013203 0.022297
0 0.583549 0.499413 0.013203 0.019950
0 0.563747 0.482397 0.009245 0.018776
1 0.915911 0.419028 0.011219 0.018776
1 0.867393 0.436630 0.011880 0.021123
1 0.395422 0.405532 0.011882 0.019950
1 0.379910 0.400838 0.016503 0.015256
1 0.374299 0.416094 0.011882 0.019949
0 0.491467 0.653730 0.011222 0.030511
0 0.094087 0.597988 0.017823 0.015256
0 0.074944 0.603269 0.013862 0.018777
0 0.087486 0.610310 0.024424 0.018776
0 0.113560 0.639648 0.021123 0.063369
0 0.090786 0.640234 0.009902 0.045767
0 0.066362 0.652556 0.015182 0.068063
