2 0.564078 0.666638 0.011219 0.021123
2 0.590810 0.670159 0.017161 0.018776
2 0.595432 0.689522 0.018479 0.017603
0 0.515891 0.563369 0.019144 0.016430
0 0.520841 0.580385 0.013203 0.015256
0 0.491467 0.585666 0.011222 0.016429
0 0.033688 0.457167 0.009241 0.019950
0 0.024116 0.495893 0.017823 0.012909
0 0.004973 0.468315 0.008581 0.016429
1 0.375289 0.439564 0.011221 0.017603
1 0.358127 0.430763 0.017823 0.018776
1 0.354496 0.448365 0.011882 0.014082
1 0.703687 0.598575 0.005281 0.018776
1 0.681576 0.610310 0.015182 0.016430
1 0.671344 0.593294 0.009240 0.019949
1 0.538005 0.629086 0.009240 0.016430
1 0.836698 0.267645 0.016500 0.016429
1 0.959146 0.170244 0.019802 0.014081
1 0.978620 0.204275 0.011219 0.058675
1 0.936375 0.200168 0.016500 0.055155
1 0.957828 0.193127 0.006604 0.031685
