0 0.413575 0.583906 0.011222 0.019949
0 0.383541 0.584493 0.014522 0.018776
2 0.862443 0.892539 0.008583 0.024644
2 0.895117 0.916595 0.014526 0.018773
1 0.477605 0.458927 0.011222 0.021123
1 0.452851 0.454820 0.019803 0.017603
1 0.471664 0.580972 0.008581 0.018776
1 0.443940 0.587426 0.012542 0.017603
1 0.027417 0.890779 0.012542 0.023470
1 0.012565 0.910142 0.018483 0.019950
0 0.211915 0.724727 0.014522 0.022297
0 0.989510 0.657250 0.015844 0.018777
0 0.983570 0.621458 0.011880 0.019950
