0 0.288816 0.345683 0.009902 0.017602
0 0.296407 0.359179 0.010561 0.021123
0 0.270003 0.370914 0.021123 0.018776
0 0.559786 0.727661 0.011885 0.018776
0 0.525794 0.725314 0.009901 0.021123
0 0.507309 0.670746 0.011222 0.019949
0 0.496748 0.708885 0.016503 0.021123
0 0.475624 0.690108 0.009902 0.023470
2 0.659130 0.754651 0.012542 0.021123
2 0.636357 0.725901 0.013203 0.015256
2 0.629096 0.742917 0.011880 0.018776
1 0.927792 0.512322 0.011219 0.024644
1 0.916242 0.525817 0.017161 0.018777
1 0.895117 0.516429 0.009245 0.016429
1 0.695768 0.436631 0.013203 0.014081
1 0.692466 0.451300 0.011880 0.017603
1 0.670685 0.451886 0.011880 0.018776
1 0.795443 0.187846 0.015844 0.021123
