0 0.686526 0.463035 0.009240 0.017603
0 0.665734 0.446019 0.016500 0.014081
0 0.663755 0.460688 0.012542 0.012908
2 0.714250 0.599748 0.014521 0.023470
2 0.684544 0.589774 0.017161 0.017603
2 0.676956 0.573931 0.009901 0.021123
0 0.607977 0.461274 0.007922 0.018776
0 0.597742 0.484158 0.019141 0.012908
0 0.569029 0.477703 0.009245 0.023469
0 0.228417 0.813327 0.009242 0.021123
0 0.261752 0.810394 0.013862 0.017602
1 0.725802 0.500587 0.011219 0.015256
1 0.696758 0.492372 0.008578 0.017602
1 0.833398 0.344510 0.016505 0.019949
