2 0.584211 0.674266 0.010557 0.024644
2 0.558797 0.677787 0.019146 0.017603
2 0.557148 0.697737 0.017161 0.019949
0 0.523812 0.561609 0.007261 0.019950
0 0.501698 0.565130 0.014522 0.015256
1 0.467043 0.546940 0.011222 0.021123
1 0.459122 0.565717 0.012542 0.014081
1 0.436678 0.560436 0.007261 0.019949
1 0.635701 0.590360 0.007922 0.018776
1 0.610945 0.597988 0.013859 0.015256
1 0.605664 0.634367 0.007266 0.017603
1 0.749896 0.267645 0.021125 0.014082
1 0.957167 0.181979 0.021125 0.014081
1 0.975979 0.217184 0.011219 0.056329
1 0.935385 0.212490 0.014521 0.056329
1 0.956508 0.204862 0.006599 0.034031
