2 0.396082 0.668986 0.019803 0.014082
0 0.206304 0.715339 0.012542 0.019950
0 0.135673 0.718860 0.023104 0.017603
0 0.131053 0.646689 0.021783 0.014081
0 0.118180 0.640235 0.011882 0.017603
0 0.184520 0.704778 0.004621 0.050461
0 0.129732 0.676027 0.009902 0.046941
0 0.114220 0.686588 0.007921 0.042246
0 0.087816 0.735289 0.009241 0.057502
0 0.256471 0.450713 0.007261 0.011735
0 0.240299 0.458340 0.011882 0.012908
0 0.277924 0.396731 0.010561 0.014082
0 0.284195 0.408466 0.008581 0.014082
0 0.265053 0.414334 0.012542 0.016429
0 0.350205 0.436044 0.013862 0.012908
1 0.621174 0.668986 0.013203 0.016429
1 0.606326 0.654317 0.009901 0.017602
1 0.599393 0.668399 0.006599 0.017603
1 0.535031 0.591534 0.012542 0.018777
1 0.501038 0.584493 0.010562 0.016430
1 0.446910 0.632020 0.010562 0.017603
1 0.453181 0.641995 0.008581 0.016429
