0 0.100358 0.680134 0.015843 0.057503
0 0.077584 0.681894 0.005941 0.042246
0 0.053491 0.694803 0.011882 0.063370
0 0.153496 0.722380 0.012542 0.017603
0 0.121811 0.723554 0.012542 0.017602
0 0.367038 0.674853 0.022444 0.014082
0 0.208944 0.438391 0.012542 0.015256
0 0.215215 0.451300 0.013202 0.017603
0 0.185841 0.450713 0.017823 0.016429
0 0.061742 0.616764 0.012542 0.015256
0 0.036988 0.623806 0.014522 0.015256
0 0.240299 0.387930 0.006601 0.015256
0 0.220826 0.392037 0.013862 0.014081
0 0.213565 0.376194 0.009902 0.010561
1 0.510279 0.558089 0.011882 0.019950
1 0.483546 0.563370 0.016503 0.021123
1 0.563419 0.664878 0.015182 0.019949
1 0.804354 0.754652 0.008583 0.016430
1 0.838680 0.761693 0.013859 0.016429
1 0.545263 0.651969 0.007922 0.019950
