2 0.513581 0.640821 0.018484 0.014081
0 0.326442 0.678961 0.013862 0.017603
0 0.243599 0.601508 0.009242 0.015256
0 0.256471 0.606203 0.021783 0.012909
0 0.306969 0.667812 0.005281 0.049287
0 0.255151 0.637301 0.013862 0.049287
0 0.239969 0.647862 0.005941 0.042246
0 0.214555 0.692456 0.007921 0.058676
1 0.607646 0.601509 0.012542 0.019949
1 0.585859 0.597401 0.017823 0.014082
1 0.581901 0.612657 0.019146 0.014082
1 0.637349 0.565717 0.008583 0.016430
0 0.391792 0.445432 0.016503 0.012908
0 0.396083 0.458927 0.014522 0.016429
0 0.369348 0.452473 0.012542 0.017603
0 0.747583 0.581559 0.017823 0.010562
0 0.747255 0.598575 0.013198 0.014081
1 0.962776 0.706538 0.012542 0.014081
1 0.994461 0.728248 0.009901 0.017603
1 0.967398 0.728835 0.015182 0.016429
1 0.308619 0.810980 0.013862 0.016429
