0 0.342614 0.671332 0.021123 0.014081
0 0.124452 0.724140 0.012542 0.016429
0 0.155806 0.723554 0.013202 0.017602
0 0.104648 0.681307 0.016502 0.057502
0 0.081215 0.679547 0.003961 0.037552
0 0.057781 0.693629 0.011222 0.063369
0 0.220826 0.437804 0.015182 0.011735
0 0.226437 0.452473 0.010561 0.015256
0 0.205644 0.452473 0.012542 0.012908
0 0.152176 0.392037 0.007261 0.014081
1 0.479255 0.561609 0.015842 0.015256
1 0.451861 0.563369 0.016503 0.018776
1 0.572328 0.649036 0.010562 0.014082
1 0.553846 0.639061 0.015839 0.017603
1 0.549227 0.655490 0.011880 0.015256
1 0.841320 0.759932 0.015182 0.015256
1 0.808312 0.754652 0.012542 0.018776
