0 0.100358 0.680134 0.015843 0.057503
0 0.077584 0.681894 0.005941 0.042246
0 0.053491 0.694803 0.011882 0.063370
0 0.153496 0.722380 0.012542 0.017603
0 0.121811 0.723554 0.012542 0.017602
0 0.379250 0.676026 0.021783 0.016429
0 0.225447 0.441325 0.016503 0.014082
0 0.231387 0.453646 0.015182 0.017602
0 0.200693 0.450713 0.014522 0.014082
0 0.189801 0.626153 0.017822 0.015256
0 0.197062 0.639648 0.013862 0.011735
0 0.172969 0.641408 0.014522 0.015256
0 0.263402 0.419615 0.005281 0.015256
0 0.245580 0.423135 0.013202 0.012909
0 0.236668 0.407293 0.011222 0.011735
1 0.528763 0.548114 0.011880 0.018776
1 0.502028 0.556328 0.017822 0.021123
1 0.567378 0.649622 0.011224 0.015256
1 0.540315 0.633194 0.008578 0.010561
1 0.544604 0.653144 0.011885 0.015256
1 0.798083 0.749371 0.009240 0.017603
1 0.832081 0.755825 0.015182 0.016429
