2 0.723492 0.518776 0.011880 0.014082
1 0.268023 0.837384 0.007921 0.019950
1 0.243270 0.852053 0.013862 0.016429
1 0.706328 0.539900 0.009240 0.014082
1 0.676625 0.535792 0.011885 0.017603
1 0.399713 0.829756 0.009902 0.016430
1 0.372979 0.833277 0.011882 0.014081
1 0.373639 0.809220 0.010561 0.012908
0 0.362088 0.664292 0.021783 0.016430
0 0.354496 0.703604 0.014522 0.019949
2 0.540315 0.664878 0.016505 0.017603
0 0.286836 0.701257 0.019143 0.015256
0 0.282875 0.630260 0.019143 0.014082
0 0.272644 0.621458 0.011882 0.019950
0 0.243599 0.740570 0.005281 0.009388
0 0.267363 0.670746 0.005281 0.045768
0 0.282875 0.680720 0.007261 0.011735
0 0.320831 0.441325 0.006601 0.018777
