2 0.725802 0.461274 0.012542 0.014081
1 0.169998 0.674266 0.013862 0.019949
1 0.177259 0.691869 0.009901 0.015256
1 0.150195 0.691282 0.011222 0.018776
1 0.708641 0.483571 0.011219 0.016429
1 0.457142 0.786924 0.008581 0.017603
1 0.423807 0.771668 0.009241 0.017603
1 0.431728 0.796312 0.014522 0.017603
0 0.267693 0.491199 0.017822 0.010562
0 0.264392 0.507041 0.017822 0.016429
1 0.287826 0.548114 0.017162 0.016430
1 0.268683 0.534619 0.009241 0.017602
1 0.262742 0.545767 0.009242 0.018776
0 0.356807 0.645515 0.012542 0.018777
0 0.369018 0.407879 0.009242 0.017603
0 0.394432 0.420788 0.005941 0.017603
0 0.376939 0.427829 0.011882 0.015256
0 0.274954 0.564543 0.009901 0.016429
0 0.286506 0.570997 0.019803 0.015256
0 0.289806 0.643755 0.019803 0.015256
0 0.245580 0.674267 0.006601 0.026991
0 0.270333 0.613831 0.005941 0.044593
0 0.285186 0.615004 0.011882 0.032858
0 0.336014 0.648449 0.006601 0.017602
2 0.542294 0.607963 0.020464 0.014081
1 0.678276 0.479463 0.011219 0.019949
