0 0.100358 0.680134 0.015843 0.057503
0 0.077584 0.681894 0.005941 0.042246
0 0.053491 0.694803 0.011882 0.063370
0 0.153496 0.722380 0.012542 0.017603
0 0.121811 0.723554 0.012542 0.017602
1 0.823167 0.738810 0.013198 0.017603
1 0.789172 0.734115 0.009906 0.017603
1 0.540315 0.660771 0.009901 0.016429
1 0.521832 0.651969 0.016503 0.015256
1 0.517540 0.668399 0.011879 0.017603
0 0.405324 0.677787 0.023764 0.012908
0 0.237659 0.433110 0.009241 0.014082
0 0.226767 0.452473 0.019143 0.015256
0 0.200693 0.449539 0.009241 0.018776
0 0.208614 0.697737 0.021123 0.012908
0 0.210595 0.716513 0.015842 0.015256
0 0.192442 0.707712 0.007261 0.016429
0 0.307299 0.400838 0.009902 0.012908
0 0.292777 0.393797 0.016503 0.012909
0 0.289807 0.410227 0.011882 0.015256
1 0.490147 0.548114 0.012542 0.014081
1 0.463083 0.549288 0.017822 0.018777
1 0.506979 0.571584 0.011882 0.011735
1 0.501368 0.589774 0.012542 0.017603
1 0.479915 0.586840 0.009242 0.014081
