2 0.523811 0.630260 0.020461 0.014082
0 0.270003 0.666638 0.022443 0.016429
0 0.267363 0.595641 0.021123 0.012908
0 0.255481 0.590947 0.010561 0.017603
0 0.264723 0.628499 0.011882 0.045767
0 0.251191 0.636714 0.005941 0.043420
0 0.226767 0.690695 0.005941 0.041072
0 0.339644 0.670159 0.013862 0.018776
0 0.328422 0.402599 0.008581 0.016429
0 0.307299 0.410813 0.012542 0.014082
2 0.421496 0.471836 0.005941 0.014082
2 0.708310 0.483571 0.009245 0.014082
1 0.413905 0.763453 0.009242 0.019949
1 0.383871 0.744090 0.011221 0.014082
1 0.389151 0.766974 0.013862 0.017603
1 0.335683 0.812741 0.015182 0.022296
1 0.688836 0.504694 0.011224 0.016429
1 0.661112 0.500000 0.011224 0.016430
1 0.148215 0.701844 0.008581 0.014082
1 0.152506 0.720620 0.009242 0.016429
1 0.126762 0.725314 0.013202 0.018776
1 0.368028 0.816261 0.020463 0.022296
0 0.318191 0.664878 0.005281 0.034032
