1 0.681247 0.740569 0.013203 0.016430
1 0.511600 0.578038 0.010561 0.015256
1 0.480905 0.573931 0.009901 0.018776
1 0.553846 0.656663 0.010557 0.017603
1 0.535034 0.648449 0.016505 0.017602
1 0.529753 0.665465 0.011224 0.016430
0 0.130722 0.398491 0.011882 0.012908
1 0.646591 0.599749 0.015182 0.016429
1 0.626458 0.588013 0.014521 0.016429
1 0.619195 0.602096 0.013203 0.021123
0 0.139304 0.720620 0.014522 0.018777
0 0.106959 0.724140 0.015843 0.016429
0 0.195742 0.487678 0.013862 0.015256
0 0.179900 0.473596 0.011221 0.012908
0 0.173629 0.488265 0.007921 0.016430
0 0.081545 0.688348 0.016503 0.062196
0 0.035338 0.703017 0.011222 0.068064
0 0.380900 0.682481 0.022443 0.017603
0 0.059102 0.689522 0.007261 0.043419
