2 0.478265 0.653143 0.019143 0.012908
0 0.292117 0.696563 0.012542 0.017602
0 0.224127 0.695976 0.024424 0.016429
0 0.219506 0.622632 0.023103 0.012908
0 0.207294 0.616764 0.009241 0.012908
0 0.271323 0.683655 0.006601 0.050461
0 0.217855 0.652556 0.011882 0.049287
0 0.202673 0.664878 0.006601 0.041073
0 0.177919 0.711819 0.008581 0.057502
0 0.396413 0.368567 0.017823 0.009388
0 0.399713 0.383822 0.013862 0.011735
0 0.382551 0.379715 0.008581 0.015256
0 0.342944 0.449539 0.012542 0.021123
1 0.662432 0.649622 0.012542 0.015256
1 0.647253 0.633780 0.009901 0.018777
1 0.639987 0.650796 0.009901 0.017603
1 0.602034 0.579799 0.006599 0.016429
1 0.574310 0.591534 0.014526 0.016429
1 0.530742 0.627913 0.013203 0.018776
1 0.506979 0.620285 0.017162 0.017603
