0 0.374959 0.674853 0.021123 0.011735
0 0.157457 0.724140 0.012542 0.016429
0 0.124782 0.724140 0.013202 0.021123
0 0.104318 0.680134 0.015842 0.057503
0 0.081545 0.681894 0.004621 0.042246
0 0.057781 0.692456 0.011222 0.063369
0 0.219506 0.439564 0.013863 0.012908
0 0.227097 0.452473 0.011882 0.012908
0 0.204654 0.452473 0.010561 0.012908
0 0.152836 0.390863 0.008581 0.014082
1 0.472654 0.575105 0.018483 0.016430
1 0.446910 0.575105 0.014522 0.023470
1 0.573648 0.647863 0.011880 0.016429
1 0.554505 0.637888 0.019802 0.015256
1 0.550875 0.655490 0.013865 0.015256
1 0.840990 0.762280 0.014521 0.017602
1 0.808646 0.754652 0.009240 0.016430
