2 0.471004 0.625566 0.021783 0.014081
0 0.214885 0.666638 0.023104 0.018777
0 0.211915 0.595641 0.023764 0.015256
0 0.199373 0.590360 0.010561 0.016430
0 0.263733 0.663118 0.005941 0.037553
0 0.208944 0.627326 0.009902 0.045767
0 0.194752 0.636127 0.005281 0.044594
0 0.170988 0.689522 0.007921 0.043419
0 0.283535 0.666638 0.013862 0.014082
0 0.271984 0.404945 0.007921 0.018776
0 0.251851 0.410813 0.013862 0.016429
2 0.367368 0.467729 0.005941 0.015256
2 0.652862 0.475943 0.013203 0.017603
1 0.530083 0.647862 0.009240 0.018776
1 0.537672 0.659598 0.007260 0.014082
1 0.516550 0.663118 0.015181 0.018777
1 0.362747 0.796312 0.009901 0.012908
1 0.634708 0.495893 0.009906 0.015256
1 0.605664 0.492372 0.011224 0.017602
1 0.114550 0.721794 0.013862 0.011735
1 0.112899 0.745850 0.013202 0.017603
