2 0.526451 0.632020 0.020462 0.015256
0 0.270333 0.667812 0.021783 0.016430
0 0.267363 0.596228 0.021123 0.014081
0 0.255151 0.589774 0.009902 0.012908
0 0.317861 0.665465 0.004620 0.035206
0 0.264392 0.628499 0.012542 0.045767
0 0.251521 0.637301 0.006601 0.042246
0 0.226767 0.692456 0.005941 0.042246
0 0.338654 0.667812 0.011882 0.018776
0 0.333043 0.419614 0.019143 0.017603
0 0.321821 0.396731 0.009902 0.011735
2 0.421826 0.472423 0.006601 0.012908
2 0.708310 0.484158 0.011880 0.012908
1 0.410275 0.766974 0.009902 0.019949
1 0.384531 0.772841 0.013862 0.017603
1 0.362417 0.809220 0.019803 0.019949
1 0.330733 0.805113 0.014522 0.023470
1 0.659792 0.499413 0.011219 0.015256
1 0.689828 0.505281 0.010562 0.012908
1 0.158117 0.717100 0.015182 0.014082
1 0.170328 0.697150 0.011882 0.018776
