2 0.513581 0.640821 0.018484 0.014081
0 0.326442 0.678961 0.013862 0.017603
0 0.259772 0.677787 0.021783 0.017603
0 0.243599 0.601508 0.009242 0.015256
0 0.256471 0.606203 0.021783 0.012909
0 0.306969 0.667812 0.005281 0.049287
0 0.255151 0.637301 0.013862 0.049287
0 0.239969 0.647862 0.005941 0.042246
0 0.214555 0.692456 0.007921 0.058676
1 0.607646 0.601509 0.012542 0.019949
1 0.585859 0.597401 0.017823 0.014082
1 0.581901 0.612657 0.019146 0.014082
1 0.637349 0.565717 0.008583 0.016430
0 0.373309 0.443671 0.019143 0.011735
0 0.372649 0.460101 0.019143 0.018776
0 0.763096 0.587426 0.007922 0.012908
0 0.746266 0.579212 0.019146 0.012909
0 0.741977 0.593881 0.013203 0.014082
1 0.319841 0.806873 0.013862 0.012908
