0 0.402684 0.677200 0.022443 0.014081
0 0.159107 0.724141 0.014522 0.018776
0 0.126762 0.722967 0.015842 0.016429
0 0.106629 0.680720 0.015182 0.058676
0 0.083855 0.681307 0.006601 0.041072
0 0.059762 0.694216 0.013862 0.062196
0 0.219176 0.531685 0.006601 0.014082
0 0.202673 0.544007 0.014522 0.012908
0 0.273304 0.414920 0.006601 0.012909
0 0.246900 0.401425 0.009242 0.011735
0 0.254821 0.420201 0.013202 0.014082
1 0.492127 0.600922 0.017822 0.018776
1 0.464733 0.600922 0.013202 0.018776
1 0.551536 0.638475 0.016500 0.014082
1 0.570018 0.647275 0.011224 0.017603
1 0.547573 0.654904 0.012542 0.018776
1 0.844292 0.761693 0.014521 0.016429
1 0.810625 0.754652 0.011885 0.018776
