0 0.394762 0.677200 0.022443 0.014081
0 0.123131 0.724141 0.012542 0.018776
0 0.154486 0.723554 0.014522 0.017602
0 0.056461 0.693043 0.012542 0.062196
0 0.080225 0.682481 0.005941 0.043419
0 0.103658 0.682481 0.014522 0.057502
1 0.514900 0.570997 0.014522 0.019950
1 0.488166 0.573344 0.015182 0.017602
1 0.572331 0.648449 0.013203 0.017602
1 0.554177 0.637888 0.016500 0.015256
1 0.548234 0.655490 0.011219 0.015256
1 0.842641 0.759932 0.013865 0.015256
1 0.809305 0.761106 0.011880 0.019949
