2 0.505329 0.643169 0.017822 0.011735
0 0.318521 0.683654 0.013862 0.017603
0 0.234688 0.604442 0.009902 0.014082
0 0.246240 0.610897 0.021123 0.015256
0 0.250200 0.682481 0.022443 0.019949
0 0.298718 0.670159 0.005941 0.049287
0 0.245580 0.640234 0.011882 0.045767
0 0.231718 0.647862 0.006601 0.042246
0 0.204984 0.696563 0.007261 0.055156
1 0.368688 0.825649 0.016503 0.015256
1 0.344595 0.820369 0.011882 0.018776
1 0.626789 0.571584 0.009901 0.016430
1 0.597742 0.579799 0.013859 0.016429
1 0.589823 0.622045 0.013865 0.018776
1 0.567047 0.619111 0.021125 0.015256
