1 0.708638 0.714166 0.009901 0.012909
1 0.688177 0.706538 0.016500 0.016430
1 0.683885 0.724140 0.011885 0.016429
1 0.534044 0.589187 0.011880 0.016429
1 0.504339 0.584493 0.010562 0.016430
1 0.645271 0.756999 0.011219 0.016429
1 0.619198 0.732355 0.010562 0.016429
1 0.621505 0.757586 0.012542 0.017603
0 0.161087 0.400838 0.009242 0.015256
1 0.567047 0.599749 0.014521 0.016429
1 0.573651 0.612070 0.014521 0.015256
1 0.545596 0.610310 0.015182 0.016430
0 0.136993 0.727075 0.013862 0.017603
0 0.103658 0.728835 0.013202 0.016429
0 0.078245 0.693629 0.017822 0.058675
0 0.055141 0.698323 0.005941 0.046941
0 0.031707 0.707125 0.010562 0.064544
0 0.392782 0.687762 0.022443 0.016429
