2 0.507639 0.641995 0.017162 0.016429
0 0.253171 0.678374 0.020464 0.018777
0 0.250200 0.606203 0.022443 0.012909
0 0.237989 0.600922 0.009901 0.016429
0 0.207954 0.697737 0.005281 0.048114
0 0.232708 0.647862 0.005941 0.042246
0 0.248550 0.637888 0.013862 0.050460
0 0.300698 0.672506 0.005941 0.042247
0 0.320501 0.680720 0.013862 0.018776
0 0.395092 0.420201 0.019143 0.009388
0 0.396082 0.436631 0.017162 0.014081
0 0.374959 0.421375 0.006601 0.016430
0 0.489486 0.637888 0.015182 0.012908
0 0.496417 0.653730 0.011882 0.016429
0 0.474304 0.653144 0.013862 0.015256
0 0.606326 0.528751 0.011224 0.010561
0 0.602365 0.551634 0.013865 0.016430
0 0.580909 0.550461 0.011880 0.018776
1 0.715570 0.573931 0.009245 0.014082
1 0.686526 0.557502 0.009240 0.011735
1 0.693456 0.577452 0.015182 0.016430
1 0.809633 0.747611 0.020464 0.018777
1 0.781911 0.735876 0.011219 0.023470
1 0.648240 0.514669 0.010562 0.015256
1 0.678935 0.520536 0.008578 0.015256
1 0.302348 0.809807 0.015842 0.016429
