0 0.293107 0.444845 0.014522 0.014082
0 0.277264 0.455994 0.011882 0.015256
1 0.450541 0.641408 0.009901 0.019949
1 0.432718 0.636714 0.017822 0.012909
1 0.429417 0.651969 0.013862 0.010561
1 0.830758 0.741156 0.015182 0.017603
1 0.796435 0.735876 0.009901 0.018776
1 0.547573 0.660771 0.012542 0.016429
1 0.527443 0.652556 0.017165 0.018776
1 0.523811 0.669572 0.011221 0.017602
0 0.239309 0.462448 0.013862 0.016429
0 0.245580 0.474769 0.011882 0.019950
0 0.214885 0.474183 0.019143 0.016429
1 0.515560 0.572758 0.013202 0.021123
1 0.488496 0.576278 0.017162 0.016429
0 0.165048 0.716513 0.011882 0.019950
0 0.132042 0.717686 0.014522 0.019950
0 0.191782 0.634367 0.008581 0.019950
0 0.182540 0.657838 0.013862 0.017603
0 0.061412 0.693630 0.013202 0.065717
0 0.107949 0.681307 0.015182 0.062196
0 0.383871 0.676613 0.023104 0.015256
