1 0.377599 0.337469 0.013202 0.012908
1 0.436348 0.311065 0.009242 0.011735
1 0.450541 0.320453 0.016502 0.011735
1 0.425457 0.355658 0.015182 0.014081
1 0.657813 0.413160 0.017823 0.011735
1 0.659130 0.428416 0.012542 0.014081
1 0.642299 0.415507 0.006599 0.014082
1 0.584542 0.420788 0.016500 0.010561
1 0.586852 0.436631 0.013203 0.014081
1 0.569359 0.425482 0.007260 0.015256
1 0.504339 0.283488 0.009241 0.043419
1 0.520181 0.275860 0.003960 0.021123
1 0.537013 0.287594 0.011224 0.049287
