2 0.523813 0.629673 0.019145 0.012908
0 0.253171 0.588600 0.009901 0.015256
0 0.266043 0.594468 0.018483 0.017602
0 0.270003 0.666638 0.022443 0.018777
0 0.225116 0.693043 0.005281 0.034031
0 0.249870 0.633781 0.008581 0.042246
0 0.265713 0.626739 0.012542 0.044594
0 0.317530 0.667812 0.005281 0.025817
0 0.337664 0.667225 0.011222 0.017603
0 0.326442 0.400838 0.011221 0.019949
0 0.305649 0.410227 0.014522 0.015256
2 0.420506 0.469489 0.006601 0.011735
2 0.706659 0.483571 0.011224 0.016429
1 0.413575 0.760519 0.008581 0.016430
1 0.381890 0.744090 0.011221 0.016429
1 0.388821 0.766387 0.013202 0.018776
1 0.605664 0.741743 0.007266 0.018777
1 0.583552 0.753478 0.021125 0.016429
1 0.689167 0.502347 0.009240 0.011735
1 0.658802 0.498826 0.011885 0.016429
1 0.879935 0.463621 0.014526 0.014081
1 0.859802 0.457167 0.008583 0.015256
