2 0.349215 0.672506 0.019803 0.016429
0 0.156136 0.724140 0.012542 0.021123
0 0.066033 0.647862 0.011882 0.018776
0 0.077914 0.653730 0.025084 0.016429
0 0.083855 0.728248 0.026404 0.017603
0 0.035338 0.745850 0.009901 0.057503
0 0.077584 0.685415 0.013863 0.049287
0 0.061412 0.695976 0.007921 0.039899
0 0.133693 0.712992 0.004621 0.050460
1 0.508299 0.552221 0.010561 0.019950
1 0.481565 0.556329 0.017822 0.016430
1 0.779602 0.826236 0.011880 0.018776
1 0.765409 0.845599 0.015182 0.019950
1 0.600714 0.546940 0.013198 0.016429
1 0.570677 0.529925 0.007260 0.017603
