1 0.439649 0.639061 0.018483 0.012909
2 0.457142 0.642581 0.007261 0.022296
1 0.526451 0.552808 0.009901 0.014082
1 0.494767 0.553981 0.012542 0.016430
1 0.570677 0.655490 0.012542 0.015256
1 0.556156 0.639648 0.008583 0.021123
0 0.293437 0.408466 0.017823 0.014082
0 0.297397 0.424309 0.017823 0.017603
0 0.271323 0.412574 0.010561 0.017603
1 0.665073 0.718860 0.016500 0.017603
1 0.645271 0.701844 0.012542 0.021123
1 0.638008 0.717100 0.011224 0.018777
0 0.167028 0.714752 0.014522 0.016429
0 0.134683 0.717686 0.014522 0.019950
0 0.103658 0.565130 0.009242 0.017603
0 0.082535 0.575692 0.015842 0.015256
0 0.062732 0.694803 0.009241 0.070411
0 0.108609 0.681894 0.015182 0.056329
0 0.394102 0.676026 0.019803 0.016429
0 0.086166 0.683655 0.005941 0.038726
