2 0.457142 0.641994 0.004621 0.023470
1 0.440969 0.639061 0.018483 0.010561
1 0.440309 0.655490 0.018483 0.015256
1 0.797424 0.724140 0.007922 0.021123
1 0.761776 0.740569 0.014521 0.016430
1 0.550216 0.659598 0.009901 0.014082
1 0.531070 0.653144 0.015182 0.015256
1 0.528102 0.673093 0.011880 0.017603
0 0.271984 0.438977 0.015842 0.014082
0 0.275944 0.454233 0.014522 0.018776
0 0.247560 0.445431 0.013202 0.019950
1 0.581901 0.571584 0.012542 0.021123
1 0.554505 0.575105 0.014521 0.018776
1 0.551536 0.555742 0.012542 0.015256
0 0.166698 0.715926 0.011222 0.016430
0 0.134353 0.718273 0.013862 0.016430
0 0.038969 0.603269 0.009241 0.021123
0 0.020156 0.610897 0.015182 0.017603
0 0.108609 0.682481 0.016503 0.057502
0 0.086496 0.683654 0.006601 0.041073
0 0.062072 0.694803 0.013202 0.063370
0 0.422817 0.680721 0.021783 0.016429
