2 0.727122 0.488265 0.012547 0.016430
1 0.269673 0.802765 0.007261 0.021123
1 0.247230 0.818608 0.013862 0.015256
1 0.708641 0.509388 0.011219 0.016430
1 0.679266 0.504694 0.011885 0.018777
1 0.401693 0.799832 0.009902 0.017603
1 0.375289 0.799832 0.015182 0.019949
0 0.336343 0.549874 0.017822 0.012909
0 0.336674 0.565130 0.018483 0.015256
1 0.309279 0.575692 0.009902 0.022296
0 0.357466 0.669572 0.013862 0.017602
0 0.276604 0.590947 0.011882 0.015256
0 0.286176 0.598575 0.021783 0.014081
2 0.290136 0.668399 0.020464 0.017603
0 0.286506 0.647863 0.007921 0.014082
0 0.270003 0.637888 0.006601 0.045768
0 0.246240 0.708298 0.005281 0.015256
2 0.543943 0.634367 0.019802 0.017603
0 0.325452 0.410226 0.007921 0.012908
