2 0.727122 0.470075 0.011224 0.015256
1 0.270664 0.787510 0.006601 0.023470
1 0.247560 0.799832 0.014522 0.017603
1 0.709961 0.491786 0.011224 0.016429
1 0.678604 0.488265 0.010562 0.016430
1 0.402353 0.781643 0.009902 0.016430
1 0.377600 0.782816 0.014522 0.014082
0 0.319511 0.500000 0.018483 0.014081
0 0.319511 0.514082 0.019803 0.016429
1 0.302018 0.559849 0.009901 0.023470
0 0.357136 0.652556 0.013202 0.021123
0 0.290797 0.654317 0.019143 0.015256
0 0.287826 0.579799 0.021123 0.016429
0 0.275944 0.573344 0.010561 0.017602
0 0.336673 0.663705 0.003960 0.010561
0 0.285516 0.628500 0.005941 0.022297
0 0.270664 0.622045 0.006601 0.044594
0 0.246240 0.688935 0.006601 0.014081
2 0.543615 0.618525 0.019146 0.016429
0 0.325122 0.390277 0.007261 0.019950
