2 0.513581 0.640821 0.018484 0.014081
0 0.326442 0.678961 0.013862 0.017603
0 0.259772 0.677787 0.021783 0.017603
0 0.256471 0.606203 0.021783 0.012909
0 0.306969 0.667812 0.005281 0.049287
0 0.255151 0.637301 0.013862 0.049287
0 0.239969 0.647862 0.005941 0.042246
1 0.637349 0.565717 0.008583 0.016430
0 0.214885 0.694216 0.007261 0.055155
0 0.243929 0.600922 0.009902 0.016429
1 0.608964 0.600922 0.013865 0.018776
1 0.586190 0.595054 0.018484 0.014082
1 0.583221 0.612657 0.019141 0.016429
1 0.308949 0.809807 0.015842 0.014082
0 0.418196 0.439564 0.011222 0.019949
0 0.396743 0.450713 0.017162 0.021123
0 0.713589 0.654903 0.010562 0.016429
0 0.686526 0.631433 0.010562 0.011735
0 0.690487 0.656077 0.013203 0.014081
1 0.869372 0.701257 0.017161 0.015256
1 0.857164 0.683068 0.009901 0.016430
