1 0.540977 0.807460 0.009901 0.016429
1 0.516220 0.811567 0.010560 0.012908
1 0.512260 0.786924 0.011882 0.012908
1 0.336014 0.542246 0.006601 0.018776
1 0.305979 0.549288 0.012542 0.016429
1 0.453181 0.522297 0.009902 0.018777
1 0.434038 0.514669 0.015182 0.015256
1 0.431398 0.530512 0.009902 0.014082
0 0.291787 0.662531 0.009241 0.022297
0 0.265713 0.676026 0.020463 0.016429
0 0.314890 0.342163 0.007921 0.012909
0 0.304328 0.358006 0.011882 0.011735
0 0.149205 0.724140 0.022444 0.014082
