1 0.774648 0.712405 0.013859 0.014082
1 0.757818 0.698323 0.011885 0.016430
1 0.750227 0.713579 0.009901 0.018776
1 0.634380 0.522297 0.005281 0.016429
1 0.609294 0.522297 0.010557 0.014082
1 0.795112 0.446019 0.011224 0.014081
1 0.780922 0.431937 0.010562 0.016429
1 0.773659 0.445432 0.009245 0.017603
0 0.062072 0.703604 0.009241 0.017603
0 0.042269 0.727661 0.022443 0.018776
1 0.652531 0.443085 0.008583 0.015256
1 0.666065 0.456580 0.017161 0.014082
1 0.882576 0.332188 0.019807 0.016430
