0 0.282876 0.451886 0.015182 0.011735
0 0.288816 0.465968 0.011222 0.016429
0 0.267693 0.466555 0.011221 0.015256
1 0.435358 0.636714 0.019143 0.010561
1 0.433708 0.651383 0.015842 0.016429
2 0.452191 0.636714 0.006601 0.019950
1 0.831089 0.741156 0.013198 0.015256
1 0.796432 0.737636 0.008583 0.017603
1 0.548565 0.661358 0.009245 0.017603
1 0.529422 0.654317 0.015844 0.015256
1 0.524472 0.670159 0.011222 0.016429
0 0.208944 0.471249 0.011222 0.015256
0 0.215875 0.483571 0.013202 0.018777
0 0.185181 0.483571 0.019143 0.014082
1 0.524143 0.558675 0.007923 0.021123
1 0.497078 0.563369 0.017162 0.016430
1 0.490147 0.548114 0.007261 0.016430
0 0.164717 0.715339 0.012542 0.019950
0 0.132042 0.717686 0.015842 0.019950
2 0.080885 0.632020 0.008581 0.024644
0 0.061412 0.695390 0.011882 0.062196
0 0.085176 0.686588 0.006601 0.046941
0 0.107289 0.683068 0.015182 0.058676
0 0.397403 0.678960 0.022444 0.015256
