0 0.174289 0.464795 0.015842 0.014082
0 0.180890 0.477703 0.010561 0.018777
0 0.158447 0.477703 0.011882 0.016429
1 0.487176 0.671919 0.010561 0.012908
1 0.467703 0.661944 0.013862 0.018776
1 0.462753 0.677787 0.009242 0.015256
1 0.408294 0.572171 0.009901 0.015256
1 0.377930 0.573931 0.011222 0.016429
1 0.642299 0.585080 0.011880 0.015256
1 0.629758 0.570411 0.009245 0.023469
0 0.188481 0.425482 0.007261 0.017603
0 0.165378 0.433696 0.016502 0.015256
0 0.149535 0.416681 0.008581 0.014082
1 0.496088 0.557502 0.013863 0.018776
1 0.472984 0.549288 0.015182 0.016429
1 0.468693 0.561022 0.017162 0.018776
0 0.054151 0.742917 0.011882 0.016430
0 0.087486 0.739983 0.012542 0.017603
0 0.565068 0.362699 0.018479 0.011735
0 0.567049 0.378542 0.011880 0.012909
0 0.552198 0.373847 0.007260 0.015256
0 0.323802 0.696563 0.021783 0.017602
0 0.028407 0.708298 0.015842 0.062196
0 0.005303 0.713579 0.007921 0.046941
