2 0.348885 0.671332 0.019143 0.014081
0 0.155806 0.723554 0.011882 0.017602
0 0.124782 0.725314 0.009241 0.014081
0 0.078245 0.653143 0.023104 0.012908
0 0.065373 0.649622 0.011882 0.015256
0 0.085176 0.727661 0.023764 0.016430
0 0.076924 0.684828 0.015182 0.050461
0 0.121151 0.688349 0.013862 0.055155
0 0.044249 0.710058 0.009241 0.061022
0 0.292777 0.421375 0.011221 0.011735
0 0.299708 0.433110 0.009242 0.011735
0 0.279905 0.436631 0.011882 0.016430
1 0.490147 0.563369 0.015182 0.016430
1 0.465063 0.563956 0.017822 0.019950
1 0.575299 0.659011 0.012547 0.015256
1 0.558469 0.647276 0.014521 0.015256
1 0.551867 0.663705 0.013203 0.022296
1 0.826799 0.746437 0.015182 0.016430
1 0.793461 0.730008 0.011880 0.018776
