0 0.162407 0.476530 0.011882 0.014082
0 0.169998 0.489438 0.008581 0.014082
0 0.147555 0.491786 0.011221 0.016429
1 0.493447 0.668986 0.009902 0.016429
1 0.474634 0.660771 0.017162 0.014082
1 0.469353 0.678374 0.011882 0.014082
1 0.482555 0.563956 0.009241 0.017603
1 0.448230 0.569824 0.011882 0.019950
1 0.589492 0.722381 0.013203 0.015256
1 0.570349 0.707712 0.011885 0.021123
1 0.563747 0.724140 0.010557 0.021123
0 0.089136 0.394384 0.007921 0.018776
0 0.127752 0.416094 0.008581 0.019949
0 0.102338 0.417268 0.018483 0.015256
1 0.526453 0.590947 0.008583 0.022296
1 0.505659 0.585080 0.018483 0.015256
1 0.503348 0.603269 0.021783 0.018777
0 0.091776 0.738223 0.011882 0.018777
0 0.059102 0.740570 0.015182 0.021123
0 0.439649 0.354485 0.014522 0.011734
0 0.346245 0.695390 0.021783 0.015256
0 0.033028 0.707125 0.015842 0.057503
0 0.009264 0.707712 0.006601 0.039899
