0 0.290466 0.446019 0.014522 0.014081
0 0.273634 0.459514 0.009902 0.017602
2 0.446250 0.641408 0.009242 0.022297
1 0.427437 0.637300 0.017822 0.014082
1 0.426777 0.653730 0.015182 0.016429
1 0.825479 0.738809 0.012542 0.015256
1 0.790492 0.734115 0.008578 0.019949
1 0.541305 0.660184 0.010557 0.017603
1 0.523151 0.650796 0.016501 0.015256
1 0.517541 0.668986 0.010563 0.016429
0 0.246240 0.485918 0.010562 0.023470
0 0.223797 0.489438 0.018483 0.011734
0 0.220496 0.503521 0.018483 0.014082
1 0.496748 0.588600 0.011221 0.017602
1 0.467703 0.594468 0.017823 0.019950
0 0.157457 0.715926 0.012542 0.021124
0 0.126432 0.718273 0.013863 0.018776
0 0.162407 0.654317 0.010561 0.019950
0 0.100358 0.679547 0.017162 0.061022
0 0.078574 0.682481 0.006601 0.045767
0 0.054481 0.695389 0.012542 0.066890
0 0.354826 0.671919 0.019143 0.017603
