2 0.490147 0.641408 0.017822 0.017603
0 0.217855 0.602682 0.009241 0.015256
0 0.230397 0.608550 0.021123 0.012908
0 0.234688 0.680720 0.023103 0.018776
0 0.281885 0.676613 0.005281 0.036379
0 0.230398 0.639648 0.011882 0.046940
0 0.214555 0.650209 0.006601 0.042246
0 0.189801 0.703604 0.007261 0.041073
0 0.303009 0.681307 0.011882 0.022296
0 0.371989 0.436044 0.011221 0.010561
0 0.380240 0.446605 0.010561 0.017603
0 0.352516 0.448952 0.019803 0.019949
0 0.495757 0.854400 0.013202 0.016430
0 0.485856 0.830930 0.009241 0.016429
0 0.663422 0.532272 0.010562 0.017603
0 0.670354 0.544594 0.007260 0.016430
0 0.650552 0.549874 0.013865 0.015256
1 0.773659 0.567477 0.006599 0.015256
1 0.745935 0.556328 0.009245 0.014082
1 0.753857 0.572758 0.015839 0.016429
1 0.717219 0.623219 0.017823 0.016430
1 0.690487 0.615004 0.011880 0.021123
1 0.624146 0.507041 0.012542 0.016429
1 0.231388 0.799832 0.013862 0.015256
1 0.206304 0.805113 0.013862 0.018776
1 0.203333 0.778709 0.014522 0.019949
