2 0.511931 0.641408 0.017825 0.015256
0 0.241949 0.599749 0.009902 0.016429
0 0.254821 0.605616 0.021123 0.014082
0 0.258122 0.677787 0.022443 0.015256
0 0.305319 0.668986 0.004621 0.044594
0 0.252841 0.637888 0.013202 0.050460
0 0.239309 0.648449 0.007261 0.043420
0 0.213565 0.697150 0.005941 0.053981
0 0.326442 0.680134 0.015182 0.017603
0 0.391462 0.419614 0.018483 0.010562
0 0.412585 0.421375 0.006601 0.016430
0 0.390141 0.437804 0.018483 0.016429
0 0.691146 0.535792 0.019802 0.010562
0 0.695107 0.552808 0.011880 0.016429
0 0.676625 0.544594 0.010562 0.018776
1 0.825148 0.693629 0.011880 0.014082
1 0.796104 0.671919 0.010562 0.012908
1 0.800062 0.692456 0.014521 0.016430
1 0.617875 0.724140 0.019802 0.016429
1 0.594443 0.601508 0.008583 0.015256
1 0.567049 0.613831 0.013203 0.016430
1 0.306969 0.809806 0.014522 0.018776
