2 0.584542 0.474769 0.011219 0.015256
1 0.568039 0.496480 0.009901 0.016430
1 0.538995 0.493546 0.012542 0.019949
1 0.995125 0.819781 0.012542 0.019950
1 0.988523 0.839144 0.015182 0.016430
1 0.960135 0.833277 0.012542 0.023470
0 0.232708 0.338643 0.008581 0.019950
0 0.211255 0.345097 0.013202 0.014082
0 0.214555 0.676027 0.010561 0.023470
2 0.404004 0.629673 0.021123 0.017603
0 0.139964 0.603856 0.021123 0.017603
0 0.128742 0.596228 0.010561 0.023470
0 0.144584 0.676613 0.019803 0.015256
0 0.098708 0.707711 0.007261 0.035206
0 0.123791 0.645515 0.005941 0.042247
0 0.138644 0.643755 0.006601 0.026991
0 0.193762 0.674853 0.005941 0.028164
1 0.623815 0.573344 0.018484 0.012909
1 0.649560 0.564543 0.011880 0.016429
