2 0.582560 0.524644 0.020464 0.025818
0 0.315551 0.420788 0.030365 0.017603
0 0.382880 0.549874 0.007921 0.045767
0 0.340634 0.478877 0.011882 0.063370
0 0.317530 0.477704 0.018483 0.053981
0 0.292117 0.474183 0.008581 0.058675
0 0.245580 0.546940 0.007921 0.044594
0 0.316210 0.528751 0.023764 0.019950
1 0.160427 0.518189 0.017163 0.022297
1 0.255151 0.717686 0.032345 0.026991
2 0.854521 0.630260 0.013865 0.023469
2 0.819206 0.627912 0.013203 0.025818
2 0.833398 0.556329 0.027068 0.018776
2 0.871685 0.578038 0.019141 0.022297
0 0.395092 0.638474 0.008581 0.025817
0 0.350536 0.657250 0.022443 0.025818
0 0.369678 0.478877 0.018483 0.023470
0 0.354166 0.453060 0.013862 0.021123
1 0.683885 0.685414 0.015844 0.021123
