0 0.136333 0.495306 0.027064 0.025818
0 0.104318 0.268231 0.013202 0.019950
0 0.740654 0.707125 0.011880 0.029338
0 0.690818 0.720033 0.023104 0.026991
1 0.479255 0.596228 0.018483 0.028165
1 0.526782 0.605030 0.025083 0.026991
1 0.539656 0.440738 0.007260 0.022296
1 0.500048 0.446019 0.017822 0.021124
2 0.427767 0.511735 0.023764 0.023470
0 0.392122 0.492372 0.023764 0.019950
1 0.345585 0.526404 0.017823 0.015256
1 0.347565 0.558089 0.016502 0.022296
1 0.311590 0.565130 0.015843 0.022296
