0 0.415555 0.488265 0.027064 0.018776
0 0.437999 0.543420 0.011221 0.058675
0 0.416876 0.561023 0.015182 0.016429
0 0.391792 0.540486 0.008581 0.059848
0 0.348225 0.623806 0.005941 0.015256
0 0.476945 0.630846 0.005941 0.015256
0 0.414895 0.590947 0.024424 0.019950
2 0.671013 0.592707 0.019141 0.030511
0 0.276935 0.737636 0.009902 0.026991
0 0.321821 0.755238 0.024423 0.024644
0 0.656161 0.494132 0.018479 0.016430
0 0.231058 0.643169 0.011882 0.023470
0 0.243930 0.658424 0.008581 0.023470
0 0.212575 0.672506 0.022443 0.023469
0 0.333043 0.557502 0.023104 0.018776
0 0.332383 0.578625 0.017823 0.023470
1 0.266043 0.675440 0.018483 0.022296
