2 0.842310 0.573931 0.018484 0.021123
2 0.810956 0.552221 0.021786 0.015256
2 0.828776 0.619698 0.012542 0.018776
2 0.796763 0.617351 0.011880 0.021123
1 0.239639 0.674266 0.025084 0.022297
1 0.198053 0.500000 0.026404 0.016430
1 0.193102 0.523470 0.017822 0.018776
1 0.728112 0.627913 0.014526 0.021123
1 0.772008 0.644928 0.015182 0.024644
0 0.550544 0.372087 0.023766 0.011735
0 0.549885 0.390277 0.014521 0.015256
0 0.334033 0.428416 0.029044 0.018776
0 0.373969 0.459514 0.016503 0.022296
0 0.373309 0.650796 0.011222 0.024644
0 0.270664 0.552808 0.006601 0.023470
0 0.395092 0.556329 0.005941 0.023470
0 0.357136 0.480637 0.010561 0.057502
0 0.335023 0.488265 0.017822 0.030511
0 0.312250 0.478290 0.009241 0.055155
2 0.578599 0.522884 0.019146 0.024644
