0 0.167028 0.526404 0.025084 0.015256
1 0.373639 0.505281 0.009242 0.015256
0 0.285846 0.504694 0.018483 0.014082
0 0.302348 0.521710 0.010561 0.015256
0 0.278915 0.517016 0.012542 0.012908
0 0.652862 0.402599 0.011880 0.014082
0 0.642628 0.419028 0.015182 0.016430
0 0.437009 0.424309 0.017163 0.012908
0 0.457142 0.432523 0.011222 0.012909
0 0.434698 0.438391 0.019143 0.017602
0 0.402353 0.811567 0.013862 0.022297
0 0.356477 0.808633 0.017162 0.021123
0 0.110259 0.635540 0.007921 0.022297
0 0.147225 0.566890 0.010561 0.046941
0 0.169008 0.578625 0.015842 0.025818
0 0.187491 0.568650 0.013202 0.050461
0 0.222476 0.632020 0.007921 0.019949
0 0.168678 0.610897 0.021783 0.019949
2 0.379250 0.591534 0.016503 0.023469
