2 0.488166 0.590947 0.015182 0.022296
0 0.267693 0.511148 0.027064 0.015256
0 0.289476 0.559849 0.011221 0.053981
0 0.247890 0.556915 0.009902 0.055155
0 0.270664 0.602095 0.021123 0.016430
2 0.228087 0.675440 0.012542 0.017602
2 0.210265 0.703017 0.015182 0.021123
0 0.420836 0.573344 0.015182 0.017602
0 0.392782 0.575105 0.013202 0.021123
0 0.704349 0.420788 0.015844 0.017603
0 0.668042 0.417854 0.014521 0.018777
1 0.760458 0.418441 0.019802 0.017603
1 0.728443 0.414334 0.012542 0.018777
