0 0.198052 0.464795 0.025084 0.025818
0 0.117520 0.653143 0.034325 0.029338
0 0.124782 0.683068 0.022443 0.025817
0 0.082865 0.674853 0.016502 0.023470
0 0.391792 0.666052 0.024424 0.026991
0 0.216535 0.802765 0.007921 0.032858
0 0.181880 0.832104 0.025744 0.035206
1 0.869703 0.570998 0.021781 0.017603
1 0.906339 0.617351 0.015844 0.025817
1 0.866734 0.607376 0.015844 0.022297
1 0.570018 0.556915 0.016505 0.024644
1 0.557807 0.576865 0.013198 0.029338
1 0.601372 0.589187 0.031682 0.023470
1 0.967398 0.698910 0.013859 0.029338
2 0.491137 0.487092 0.019803 0.023470
2 0.454832 0.470662 0.025084 0.023470
2 0.476285 0.538726 0.013862 0.025817
2 0.442289 0.542833 0.014522 0.024644
