1 0.921521 0.426069 0.010562 0.009388
1 0.931094 0.443085 0.005938 0.031684
1 0.920203 0.443085 0.005281 0.024644
1 0.909641 0.438978 0.010563 0.030511
1 0.798083 0.452473 0.011885 0.010562
0 0.075604 0.497653 0.007261 0.009388
0 0.063392 0.511148 0.007921 0.010561
2 0.029727 0.529338 0.013202 0.011735
2 0.028737 0.539899 0.011222 0.011735
0 0.280895 0.466555 0.011221 0.008215
0 0.289476 0.472422 0.007261 0.008215
0 0.278255 0.475943 0.008581 0.010562
2 0.849242 0.625566 0.009901 0.011735
2 0.841979 0.610897 0.005937 0.008214
1 0.758807 0.606790 0.005937 0.011735
1 0.752206 0.623219 0.013859 0.014081
1 0.734385 0.613831 0.007260 0.014081
1 0.910302 0.579212 0.010562 0.012909
