2 0.581898 0.523470 0.020464 0.021123
0 0.336343 0.428416 0.028384 0.016430
0 0.397403 0.549288 0.009242 0.037553
0 0.359117 0.481811 0.010561 0.059849
0 0.338324 0.485331 0.016503 0.036379
0 0.314890 0.476530 0.009242 0.056329
0 0.273634 0.545767 0.007261 0.037553
0 0.336673 0.528164 0.023764 0.018777
1 0.230728 0.515843 0.011222 0.022296
1 0.198383 0.527578 0.020463 0.019950
1 0.267363 0.695976 0.030365 0.025818
2 0.799404 0.621458 0.013203 0.022296
2 0.831747 0.620871 0.013203 0.023470
2 0.848250 0.573931 0.018479 0.025818
2 0.813594 0.553394 0.023104 0.019950
0 0.410605 0.686001 0.019803 0.024644
0 0.358787 0.681894 0.017822 0.025818
0 0.373309 0.460688 0.015182 0.017603
0 0.680917 0.338056 0.013865 0.014081
0 0.663422 0.350964 0.014521 0.018776
1 0.677615 0.652556 0.013865 0.021123
1 0.726133 0.671919 0.017161 0.022296
