2 0.481565 0.588013 0.016503 0.018776
0 0.261422 0.510562 0.026404 0.016429
0 0.283205 0.559262 0.010561 0.055155
0 0.242279 0.556915 0.007921 0.050460
0 0.264062 0.600335 0.021123 0.019950
2 0.220496 0.673093 0.010561 0.019950
2 0.203003 0.703604 0.019143 0.019949
0 0.423807 0.610310 0.011882 0.018776
0 0.396413 0.616764 0.015182 0.017603
0 0.089796 0.734115 0.021123 0.031684
0 0.079895 0.713579 0.025084 0.025818
0 0.715570 0.432523 0.014526 0.017602
0 0.680917 0.430176 0.013865 0.017603
1 0.738674 0.441912 0.017161 0.017603
1 0.730094 0.457167 0.015844 0.017603
1 0.766398 0.463621 0.022443 0.021123
