1 0.553846 0.167897 0.019807 0.014082
1 0.795112 0.083991 0.019141 0.012909
1 0.812935 0.113915 0.011224 0.053981
1 0.793464 0.115088 0.005281 0.044594
1 0.774318 0.113915 0.014521 0.053981
2 0.677286 0.782229 0.030365 0.017603
2 0.675635 0.812740 0.021781 0.024644
2 0.775969 0.759932 0.008583 0.022296
1 0.575299 0.927158 0.021786 0.028165
1 0.548237 0.892539 0.020464 0.031684
1 0.741315 0.881977 0.033005 0.024644
1 0.699398 0.840905 0.020464 0.026991
1 0.689497 0.869656 0.020464 0.037553
1 0.817227 0.252389 0.015839 0.016429
