2 0.556156 0.518776 0.021781 0.028164
0 0.282545 0.418441 0.031684 0.019950
0 0.350536 0.528751 0.007921 0.085667
0 0.308289 0.474769 0.011882 0.064543
0 0.284855 0.466555 0.009902 0.071584
0 0.258782 0.474769 0.009242 0.064543
0 0.210265 0.532271 0.008581 0.080972
0 0.283205 0.526404 0.027724 0.022297
1 0.245580 0.460100 0.029045 0.016429
1 0.241619 0.482984 0.022443 0.024644
2 0.835049 0.624979 0.013203 0.026991
2 0.798414 0.624979 0.016505 0.026991
2 0.814914 0.549874 0.024422 0.019950
2 0.852211 0.572757 0.023766 0.023470
0 0.692135 0.756412 0.023104 0.026991
0 0.649229 0.727661 0.012542 0.025817
0 0.782570 0.668399 0.015182 0.029338
0 0.769370 0.702431 0.019146 0.024644
0 0.733724 0.687762 0.011219 0.025818
