2 0.810294 0.552808 0.021786 0.021123
2 0.843630 0.575692 0.017167 0.022296
2 0.795773 0.619698 0.013859 0.018776
2 0.828117 0.621458 0.013859 0.022296
1 0.232048 0.673680 0.016503 0.028165
1 0.203993 0.503520 0.017162 0.018776
1 0.188481 0.515842 0.011222 0.024644
1 0.718211 0.635540 0.014526 0.022297
1 0.763427 0.650796 0.016500 0.022296
0 0.567380 0.377955 0.017823 0.014082
0 0.571669 0.395557 0.013203 0.016430
0 0.547906 0.390276 0.010562 0.017603
0 0.334033 0.429589 0.029044 0.016429
0 0.373309 0.459514 0.015182 0.022296
0 0.373639 0.653143 0.011882 0.024644
0 0.394432 0.559849 0.007261 0.023470
0 0.270664 0.552808 0.006601 0.025818
0 0.356146 0.482397 0.011222 0.058676
0 0.334693 0.491785 0.010561 0.023470
0 0.311260 0.477704 0.008582 0.053981
2 0.578602 0.522884 0.020464 0.024644
