0 0.084515 0.532858 0.026404 0.023470
0 0.320171 0.574518 0.027724 0.022297
0 0.282545 0.563956 0.015843 0.026991
0 0.754846 0.568650 0.008578 0.022297
0 0.716891 0.578625 0.021125 0.023470
1 0.607315 0.487678 0.021120 0.017603
1 0.630089 0.506454 0.012542 0.019949
1 0.600714 0.509388 0.015844 0.023470
0 0.559786 0.587426 0.010562 0.022297
0 0.530745 0.597401 0.019802 0.023469
0 0.188481 0.307544 0.016503 0.016430
1 0.356146 0.613244 0.021783 0.017603
1 0.362417 0.639648 0.019803 0.021123
1 0.335023 0.627326 0.009902 0.024644
