2 0.548234 0.516429 0.023104 0.030512
0 0.270334 0.413747 0.031024 0.019950
0 0.341294 0.525817 0.009242 0.089186
0 0.296737 0.471249 0.012542 0.064543
0 0.272974 0.464208 0.019143 0.078625
0 0.246240 0.470662 0.007921 0.065717
0 0.196732 0.529925 0.010561 0.083319
0 0.272644 0.524644 0.029045 0.023470
0 0.886536 0.801592 0.026406 0.028164
1 0.361757 0.416681 0.025084 0.018776
1 0.387501 0.435457 0.017162 0.021123
1 0.354826 0.440151 0.015182 0.023470
2 0.794451 0.622045 0.015182 0.023470
2 0.830430 0.622045 0.013203 0.025818
2 0.847260 0.566890 0.019146 0.023470
2 0.809966 0.545767 0.023766 0.018776
0 0.712271 0.657837 0.010562 0.022296
0 0.668706 0.666638 0.022443 0.021123
0 0.729763 0.692456 0.019141 0.021123
0 0.768380 0.691869 0.014521 0.026991
