0 0.181880 0.477116 0.027064 0.024644
0 0.095077 0.595054 0.025084 0.025818
0 0.064052 0.581559 0.011882 0.026991
0 0.333703 0.649036 0.017823 0.025818
0 0.175279 0.839144 0.020463 0.030511
0 0.133693 0.832103 0.012542 0.028164
1 0.757487 0.644342 0.020464 0.021123
1 0.797094 0.690695 0.017823 0.024644
1 0.758477 0.682481 0.018484 0.024644
1 0.558138 0.568650 0.016505 0.024644
1 0.544607 0.588013 0.013203 0.025818
1 0.589492 0.602095 0.029047 0.023470
1 0.881255 0.665465 0.013198 0.025817
1 0.927464 0.706538 0.026406 0.025817
2 0.441629 0.482984 0.023764 0.017603
2 0.476945 0.499413 0.020463 0.026991
2 0.429087 0.556915 0.014522 0.024644
2 0.462752 0.553395 0.014522 0.024644
