1 0.356146 0.260604 0.024424 0.018776
1 0.563086 0.164963 0.022443 0.015256
1 0.582891 0.200168 0.013198 0.057503
1 0.562427 0.200755 0.006604 0.049287
1 0.541633 0.197821 0.015182 0.062196
0 0.753857 0.636714 0.029047 0.015256
0 0.753529 0.659598 0.020464 0.021123
1 0.442949 0.381475 0.013202 0.011734
1 0.462752 0.402012 0.015842 0.022296
1 0.433708 0.403185 0.013202 0.026991
1 0.482555 0.617351 0.026404 0.025817
1 0.490477 0.306371 0.011882 0.014082
0 0.572990 0.771081 0.014521 0.039899
0 0.525792 0.798071 0.032344 0.030511
