0 0.415225 0.484157 0.026404 0.015256
0 0.437339 0.536379 0.009902 0.058676
0 0.393442 0.531098 0.010561 0.055156
0 0.415885 0.579212 0.023764 0.019950
2 0.651211 0.583319 0.019141 0.023470
0 0.443280 0.723554 0.019143 0.026991
0 0.569359 0.542833 0.023104 0.022296
0 0.538664 0.524644 0.025089 0.016430
0 0.531734 0.547527 0.021781 0.026991
0 0.262082 0.687762 0.015843 0.018777
0 0.256471 0.722380 0.020464 0.024644
0 0.220496 0.724140 0.011882 0.021123
0 0.288486 0.654317 0.029044 0.017602
0 0.291787 0.678374 0.019803 0.021123
2 0.339974 0.685415 0.010561 0.018776
2 0.382551 0.658424 0.012542 0.021123
2 0.370998 0.690108 0.017162 0.023470
0 0.262742 0.668399 0.011882 0.026991
