0 0.048870 0.505281 0.025084 0.024644
0 0.681906 0.588600 0.009240 0.022296
0 0.650552 0.581559 0.028385 0.015256
0 0.648570 0.607376 0.028380 0.022297
0 0.744945 0.593881 0.016505 0.018776
0 0.429087 0.988769 0.019803 0.031685
0 0.400703 0.469488 0.026404 0.014082
0 0.398723 0.490025 0.019803 0.019950
0 0.420836 0.477703 0.007261 0.021123
1 0.781911 0.639648 0.012542 0.023469
1 0.746266 0.637888 0.017823 0.019949
1 0.482555 0.545180 0.015842 0.022297
1 0.458462 0.528164 0.023104 0.021123
1 0.449880 0.549288 0.020463 0.023469
