1 0.920862 0.416094 0.011880 0.008214
1 0.931094 0.434283 0.007260 0.030511
1 0.919872 0.432523 0.005943 0.024644
1 0.910299 0.428416 0.009245 0.028165
1 0.782570 0.442498 0.011224 0.011735
1 0.790492 0.819781 0.013859 0.022296
1 0.781581 0.834450 0.010557 0.018777
1 0.803034 0.841492 0.015182 0.011735
2 0.028737 0.517602 0.012542 0.009388
2 0.027417 0.526991 0.009902 0.009389
0 0.109599 0.497066 0.013202 0.008214
0 0.113230 0.506454 0.009902 0.012908
0 0.096727 0.508801 0.009902 0.010562
1 0.987201 0.655490 0.016505 0.012908
