1 0.908320 0.425482 0.011880 0.008215
1 0.917891 0.444845 0.005937 0.030511
1 0.907000 0.443085 0.005281 0.026991
1 0.896109 0.440151 0.008583 0.028165
1 0.763096 0.453646 0.011880 0.010561
0 0.041939 0.522883 0.007261 0.010561
0 0.028407 0.525818 0.009241 0.011735
0 0.169338 0.597988 0.007261 0.012908
0 0.149535 0.605029 0.008581 0.010562
2 0.149535 0.629086 0.011221 0.014081
2 0.130062 0.624392 0.011882 0.011734
2 0.128082 0.637888 0.011882 0.010562
1 0.799732 0.701257 0.009901 0.012908
2 0.800393 0.721207 0.007266 0.012908
2 0.784221 0.724727 0.009245 0.015256
1 0.755836 0.620285 0.011880 0.010562
1 0.771680 0.632607 0.011880 0.014082
1 0.753195 0.629673 0.013203 0.010562
