2 0.373309 0.516429 0.016503 0.023469
2 0.340634 0.502934 0.022443 0.019949
1 0.722503 0.817435 0.020464 0.031684
1 0.736034 0.840905 0.015839 0.031685
1 0.685536 0.852640 0.029708 0.029337
1 0.812607 0.413160 0.013203 0.018776
1 0.804354 0.433697 0.016500 0.019949
1 0.777620 0.428416 0.009240 0.018776
1 0.307299 0.626739 0.011222 0.023470
1 0.268353 0.636714 0.019143 0.019950
0 0.028077 0.421375 0.023103 0.021123
0 0.214555 0.289355 0.011882 0.017603
0 0.192111 0.294636 0.017162 0.016429
0 0.109269 0.322800 0.012542 0.016430
0 0.119171 0.343923 0.017822 0.018776
2 0.099698 0.509388 0.021123 0.025817
