2 0.803034 0.554568 0.021786 0.024644
2 0.787190 0.595054 0.015182 0.025818
1 0.605995 0.854400 0.015844 0.035206
1 0.574969 0.900754 0.035646 0.024644
1 0.449880 0.443671 0.013862 0.016430
1 0.445260 0.472422 0.015182 0.019950
1 0.415555 0.471836 0.012542 0.021123
1 0.754188 0.624392 0.016500 0.021123
1 0.710292 0.613244 0.015844 0.022296
0 0.572331 0.356245 0.017161 0.017603
0 0.530742 0.357419 0.022443 0.015256
0 0.529752 0.376781 0.019142 0.018776
0 0.294427 0.416094 0.029045 0.015256
0 0.431398 0.620871 0.008581 0.023470
0 0.394102 0.639061 0.013202 0.026991
0 0.357467 0.545767 0.011222 0.025818
0 0.230727 0.541660 0.009902 0.024644
0 0.318851 0.466555 0.013202 0.057502
0 0.298058 0.477116 0.013862 0.029338
0 0.273304 0.465969 0.010562 0.053981
2 0.540974 0.507041 0.021781 0.025818
