0 0.419186 0.492372 0.026404 0.015256
0 0.440309 0.544006 0.010562 0.057502
0 0.420506 0.586253 0.019803 0.017603
0 0.397403 0.538726 0.010561 0.056328
2 0.655833 0.587426 0.017823 0.024644
0 0.480575 0.708885 0.010561 0.023470
0 0.441629 0.728834 0.018483 0.023470
0 0.534044 0.610897 0.017161 0.024644
0 0.501038 0.598575 0.023764 0.016430
0 0.268023 0.698323 0.017163 0.018776
0 0.260762 0.730595 0.019803 0.019949
0 0.224127 0.726488 0.012542 0.021123
0 0.282875 0.662531 0.019143 0.022297
0 0.293437 0.680720 0.012542 0.023470
2 0.344265 0.694802 0.009901 0.021123
2 0.386181 0.666051 0.015842 0.024644
2 0.375289 0.700083 0.017822 0.022296
1 0.791151 0.835624 0.028385 0.023470
1 0.782901 0.856747 0.029042 0.028165
