2 0.619195 0.517016 0.022443 0.026991
0 0.346245 0.410226 0.032345 0.017603
0 0.414565 0.528751 0.007921 0.071584
0 0.371989 0.467729 0.011221 0.062196
0 0.348225 0.458340 0.017822 0.071584
0 0.322481 0.463621 0.008581 0.063369
0 0.275284 0.524644 0.009241 0.075105
0 0.345915 0.518189 0.029044 0.022297
1 0.228087 0.515256 0.013862 0.023470
1 0.191452 0.510562 0.013202 0.023469
1 0.318191 0.706538 0.013202 0.030511
1 0.361757 0.728248 0.033005 0.031684
2 0.864753 0.626739 0.014526 0.023470
2 0.901719 0.630260 0.013198 0.023469
2 0.880924 0.553981 0.025745 0.018776
2 0.919542 0.576865 0.019802 0.024644
0 0.498728 0.545180 0.012542 0.022297
0 0.542625 0.556329 0.018479 0.023470
0 0.949247 0.447192 0.017161 0.021123
