1 0.368688 0.232440 0.023104 0.018776
1 0.525792 0.145600 0.023104 0.014082
1 0.545594 0.179631 0.013865 0.061022
1 0.525461 0.179045 0.006599 0.048114
1 0.505659 0.177871 0.013202 0.057502
0 0.703029 0.720033 0.019807 0.022296
0 0.705008 0.695390 0.029047 0.015256
1 0.428427 0.376781 0.017163 0.023470
1 0.408294 0.357419 0.012542 0.017602
1 0.399713 0.374435 0.011222 0.021123
1 0.526121 0.305784 0.015841 0.017603
0 0.536354 0.782229 0.016500 0.036379
0 0.489486 0.807460 0.028384 0.030512
