1 0.611276 0.156162 0.021125 0.014082
1 0.770029 0.081644 0.020464 0.012909
1 0.787193 0.112741 0.013865 0.056328
1 0.767060 0.112742 0.006599 0.042246
1 0.748906 0.111568 0.017823 0.051634
2 0.751875 0.751131 0.010562 0.025818
2 0.713919 0.771668 0.029703 0.024644
2 0.678604 0.784576 0.009240 0.024644
2 0.653193 0.776362 0.028385 0.019949
2 0.652531 0.804526 0.020458 0.024644
1 0.554177 0.916596 0.021781 0.021123
1 0.526453 0.887258 0.017824 0.035206
1 0.919872 0.825063 0.029703 0.028164
1 0.787193 0.285834 0.016500 0.022296
