2 0.493117 0.589187 0.014522 0.021123
0 0.273964 0.510562 0.026404 0.016429
0 0.294757 0.558676 0.011222 0.053981
0 0.253171 0.557502 0.009901 0.053981
0 0.276934 0.600922 0.019143 0.018776
2 0.231717 0.673680 0.011882 0.016430
2 0.215875 0.703017 0.019803 0.021123
0 0.427437 0.560436 0.015182 0.017603
0 0.401693 0.561609 0.012542 0.017602
0 0.709961 0.423722 0.015182 0.016429
0 0.673656 0.417854 0.012542 0.016429
2 0.776630 0.424895 0.008583 0.018776
1 0.750557 0.430763 0.025083 0.016430
