1 0.391132 0.162616 0.019143 0.017602
1 0.479915 0.068735 0.022444 0.015256
1 0.500708 0.102767 0.013862 0.057502
1 0.480905 0.104527 0.005941 0.049287
1 0.460112 0.099833 0.013202 0.056329
0 0.659133 0.829170 0.016505 0.024644
0 0.630419 0.793964 0.027724 0.024644
0 0.618536 0.817435 0.019802 0.029338
1 0.394432 0.299916 0.016503 0.017603
1 0.372319 0.281140 0.017162 0.017603
1 0.364068 0.301677 0.011222 0.025817
1 0.648901 0.569824 0.018479 0.015256
1 0.651872 0.593881 0.025745 0.023470
1 0.493777 0.252976 0.015843 0.017603
0 0.504999 0.726488 0.013202 0.039899
0 0.462092 0.761693 0.031685 0.025818
