2 0.482885 0.588600 0.015182 0.017602
0 0.262082 0.510562 0.026404 0.016429
0 0.284856 0.559849 0.011222 0.051635
0 0.243599 0.559262 0.010561 0.052808
0 0.265053 0.603269 0.020463 0.018777
2 0.230727 0.689522 0.009902 0.015256
2 0.220496 0.674853 0.011882 0.018776
2 0.202013 0.703017 0.017162 0.021123
0 0.116200 0.641408 0.018483 0.012908
0 0.112570 0.670159 0.017822 0.021123
0 0.080225 0.675440 0.015182 0.017602
0 0.378590 0.580972 0.015182 0.021124
0 0.348885 0.570998 0.020463 0.012908
0 0.344925 0.591534 0.023104 0.018777
0 0.683555 0.414334 0.013859 0.016429
0 0.646919 0.411400 0.013203 0.017602
1 0.713260 0.416681 0.023104 0.018776
