2 0.597742 0.591534 0.019141 0.021123
0 0.337003 0.487678 0.033665 0.019949
0 0.361097 0.545767 0.011882 0.063369
0 0.312910 0.542246 0.010561 0.058676
0 0.338654 0.596815 0.026404 0.019950
2 0.285186 0.683068 0.014522 0.018776
2 0.262082 0.712993 0.019803 0.026991
0 0.468693 0.728835 0.018483 0.028164
0 0.420506 0.745264 0.025084 0.030511
0 0.546914 0.605029 0.015182 0.024644
0 0.499388 0.612070 0.021783 0.031685
0 0.566057 0.377369 0.012542 0.015256
1 0.695109 0.480050 0.015844 0.018776
1 0.689495 0.524057 0.028385 0.024644
1 0.648240 0.527577 0.014521 0.024644
