0 0.027417 0.534031 0.028384 0.023470
0 0.315550 0.645515 0.026404 0.018777
0 0.278255 0.660771 0.017823 0.028164
0 0.614906 0.784576 0.023104 0.024644
1 0.700057 0.436631 0.019146 0.016430
1 0.708310 0.413161 0.015839 0.021123
1 0.674312 0.434284 0.012542 0.021123
0 0.510610 0.593294 0.016503 0.022297
0 0.478925 0.585666 0.013862 0.025818
0 0.117850 0.292875 0.016503 0.017603
0 0.094747 0.281140 0.011222 0.019949
1 0.516220 0.789857 0.026403 0.025818
1 0.530411 0.816261 0.016500 0.029337
1 0.491137 0.819195 0.026404 0.028164
