2 0.620846 0.521123 0.021786 0.028165
0 0.348885 0.414921 0.032345 0.017603
0 0.416546 0.526404 0.007921 0.085666
0 0.374299 0.473596 0.013202 0.066890
0 0.350535 0.461861 0.017162 0.073931
0 0.324462 0.468315 0.009902 0.061023
0 0.276274 0.526991 0.009902 0.077452
0 0.349215 0.525231 0.027724 0.019950
1 0.232708 0.514082 0.016502 0.025818
1 0.195742 0.514669 0.016502 0.022297
1 0.442620 0.484744 0.029705 0.016430
1 0.481565 0.499413 0.016503 0.026991
1 0.437999 0.508801 0.027064 0.026991
2 0.904690 0.634367 0.015182 0.024644
2 0.866404 0.633194 0.013859 0.026991
2 0.882906 0.558675 0.025740 0.018777
2 0.921193 0.580972 0.019146 0.023470
0 0.529091 0.829169 0.024421 0.031685
0 0.589492 0.843252 0.021120 0.029337
