2 0.539656 0.517016 0.017823 0.022296
2 0.508959 0.501761 0.021123 0.017603
1 0.453511 0.684241 0.013202 0.025818
1 0.420836 0.714753 0.028384 0.023470
1 0.469684 0.607376 0.020463 0.024644
0 0.370009 0.302263 0.009902 0.017603
0 0.349546 0.308718 0.013862 0.016430
0 0.014215 0.417268 0.028384 0.019950
0 0.234358 0.411400 0.014522 0.019950
0 0.192442 0.406119 0.015182 0.021123
0 0.084515 0.546354 0.007921 0.022296
0 0.039299 0.469489 0.015182 0.061022
0 0.015865 0.484157 0.017163 0.026991
2 0.279245 0.491199 0.019803 0.022297
