2 0.370009 0.463034 0.020463 0.026991
0 0.471004 0.719446 0.019143 0.025817
0 0.507970 0.737636 0.029706 0.022296
0 0.097057 0.378542 0.035646 0.017602
0 0.102668 0.485918 0.028384 0.023470
0 0.601042 0.603856 0.012542 0.022296
0 0.645599 0.617938 0.019802 0.024644
0 0.159437 0.453646 0.020463 0.090361
0 0.123461 0.430176 0.014522 0.052808
0 0.100688 0.425482 0.023104 0.073931
0 0.032368 0.455993 0.017163 0.090360
0 0.073294 0.431350 0.010561 0.057502
1 0.825477 0.450713 0.016505 0.016429
1 0.834719 0.481811 0.019146 0.019949
1 0.865414 0.481811 0.013203 0.024644
1 0.731742 0.542833 0.019141 0.019950
1 0.735044 0.581559 0.025745 0.024644
1 0.780591 0.583319 0.025745 0.028164
2 0.645932 0.498827 0.017823 0.023470
2 0.610615 0.478877 0.025083 0.018776
2 0.598073 0.551048 0.014521 0.024644
