0 0.416546 0.485331 0.025084 0.017603
0 0.437999 0.536379 0.008581 0.058676
0 0.394762 0.532858 0.009241 0.053981
0 0.417536 0.580972 0.021783 0.018776
2 0.654180 0.582732 0.018484 0.026991
0 0.478595 0.701257 0.007921 0.022297
0 0.439319 0.724141 0.019143 0.023470
0 0.522493 0.604443 0.021785 0.025817
0 0.491797 0.585666 0.023764 0.018777
0 0.260762 0.691869 0.017162 0.017603
0 0.257461 0.724727 0.019803 0.019949
0 0.220826 0.726488 0.013862 0.021123
0 0.275614 0.657837 0.023104 0.022296
0 0.285516 0.676613 0.016503 0.024644
2 0.341954 0.686001 0.010561 0.019949
2 0.383871 0.660184 0.015182 0.019950
2 0.372979 0.691869 0.017163 0.022297
1 0.869042 0.614417 0.023104 0.019949
1 0.905349 0.640234 0.024427 0.019950
