0 0.425127 0.448952 0.027724 0.015256
0 0.446910 0.502347 0.010562 0.058676
0 0.424797 0.545767 0.025744 0.021123
0 0.402353 0.498240 0.011221 0.057502
2 0.668372 0.550461 0.019141 0.028165
0 0.488827 0.757585 0.012542 0.026991
0 0.540974 0.762280 0.016500 0.026991
0 0.540974 0.633780 0.028385 0.018777
0 0.538664 0.659011 0.027724 0.024644
0 0.450871 0.732942 0.013202 0.022296
0 0.622826 0.454233 0.016505 0.018776
0 0.596091 0.451886 0.017161 0.016430
2 0.391792 0.630260 0.013862 0.021123
2 0.379910 0.663118 0.017823 0.021123
2 0.347895 0.656077 0.011882 0.018776
1 0.440309 0.792204 0.022443 0.028164
1 0.388161 0.795725 0.027724 0.030511
