0 0.070984 0.528164 0.027064 0.021123
0 0.348555 0.630846 0.026404 0.015256
0 0.353836 0.654904 0.027724 0.023470
0 0.311260 0.646689 0.017822 0.030511
0 0.709630 0.720033 0.021125 0.024644
1 0.638339 0.457167 0.014521 0.017603
1 0.629427 0.482984 0.017823 0.019950
1 0.601044 0.479463 0.013859 0.017603
0 0.546583 0.591534 0.015844 0.021123
0 0.515560 0.583906 0.011880 0.024644
0 0.159437 0.292288 0.016503 0.016429
0 0.150526 0.269992 0.010561 0.014082
1 0.410935 0.690109 0.013862 0.025818
1 0.404334 0.724140 0.017822 0.025818
