0 0.406314 0.448952 0.027064 0.015256
0 0.428757 0.501174 0.008581 0.056329
0 0.406974 0.544594 0.023104 0.016430
0 0.385191 0.498240 0.011222 0.055156
2 0.643292 0.545180 0.017823 0.022297
0 0.520510 0.685415 0.021781 0.025817
0 0.511600 0.576865 0.026404 0.017603
0 0.506319 0.601509 0.018483 0.017603
0 0.380570 0.705951 0.013862 0.024644
0 0.370339 0.740569 0.023764 0.023470
0 0.281225 0.632020 0.014522 0.026991
0 0.248880 0.644929 0.017162 0.022296
2 0.374629 0.624979 0.012542 0.017603
2 0.363738 0.655490 0.018483 0.019949
2 0.333373 0.650796 0.009242 0.024644
1 0.720521 0.877283 0.021781 0.034031
1 0.668706 0.874350 0.027724 0.030511
0 0.483876 0.584493 0.007921 0.021123
