0 0.221486 0.492372 0.011222 0.088013
0 0.270333 0.406119 0.012542 0.075105
0 0.297728 0.390863 0.021123 0.086840
0 0.392782 0.465381 0.007921 0.090361
2 0.976310 0.479463 0.031682 0.034032
0 0.398723 0.189606 0.034325 0.015256
0 0.397403 0.216597 0.036966 0.026991
0 0.558466 0.789857 0.018484 0.030511
0 0.513910 0.798658 0.025743 0.034031
2 0.957497 0.213663 0.020464 0.028164
1 0.540315 0.625566 0.015182 0.028165
1 0.504339 0.614417 0.035645 0.024644
1 0.496747 0.650796 0.021783 0.029338
1 0.707979 0.809807 0.036302 0.021123
1 0.709630 0.847946 0.023760 0.029338
1 0.667383 0.813914 0.014526 0.034031
