0 0.529091 0.597401 0.005943 0.042247
0 0.444270 0.524644 0.018483 0.051634
0 0.419516 0.522297 0.011221 0.070410
0 0.376610 0.620285 0.007261 0.045768
0 0.987862 0.809807 0.020464 0.028164
0 0.932742 0.791031 0.017161 0.018776
2 0.888518 0.941829 0.013203 0.029343
2 0.842969 0.895473 0.014521 0.011735
2 0.847589 0.941241 0.019802 0.028167
1 0.536023 0.824475 0.023766 0.024644
1 0.581570 0.828583 0.015839 0.028164
1 0.568698 0.347444 0.012542 0.021123
1 0.534372 0.342750 0.021786 0.016429
1 0.530743 0.364460 0.023764 0.024644
1 0.632068 0.701257 0.012542 0.026991
1 0.591802 0.705364 0.020458 0.023469
1 0.580911 0.667812 0.015844 0.023470
1 0.498398 0.465968 0.019803 0.028164
