0 0.443940 0.610310 0.004621 0.051634
0 0.370999 0.551635 0.015842 0.051634
0 0.350535 0.556329 0.010561 0.061022
0 0.312580 0.632606 0.008581 0.053981
2 0.893799 0.613831 0.022443 0.023470
0 0.522491 0.309891 0.013861 0.018777
0 0.532721 0.329254 0.011880 0.024644
0 0.493777 0.333362 0.023764 0.021123
2 0.558135 0.822715 0.012542 0.025818
2 0.573318 0.857920 0.017823 0.023470
2 0.545263 0.834450 0.007922 0.023469
0 0.494107 0.108048 0.008581 0.014082
0 0.473644 0.117436 0.012542 0.016429
1 0.455821 0.742330 0.028384 0.019950
1 0.460442 0.769321 0.021783 0.022297
1 0.980932 0.738223 0.010562 0.028164
