0 0.589161 0.602095 0.005938 0.037552
0 0.500708 0.528164 0.019143 0.042246
0 0.473974 0.521124 0.011882 0.075105
0 0.429087 0.626152 0.009242 0.041073
0 0.953867 0.901341 0.023766 0.028165
0 0.895779 0.877870 0.017161 0.032857
2 0.957497 0.961190 0.009901 0.028157
2 0.902378 0.924809 0.017161 0.018771
2 0.916573 0.974097 0.023104 0.032861
1 0.474965 0.772254 0.015182 0.025818
1 0.434698 0.765213 0.019143 0.035205
1 0.587182 0.343336 0.032344 0.015256
1 0.627448 0.348030 0.011219 0.024644
1 0.581901 0.369154 0.031021 0.026991
2 0.671672 0.618525 0.007260 0.016429
1 0.686198 0.600922 0.017823 0.025818
1 0.712599 0.630846 0.021781 0.019950
1 0.601042 0.492959 0.017823 0.028164
1 0.660122 0.509388 0.018484 0.030511
