0 0.240629 0.632020 0.007261 0.041073
0 0.176269 0.583906 0.014522 0.043419
0 0.157456 0.586840 0.008581 0.049287
0 0.126102 0.654904 0.009242 0.042246
2 0.619857 0.617938 0.018484 0.019950
2 0.501698 0.866135 0.009242 0.018776
2 0.472654 0.869656 0.015842 0.021123
2 0.470014 0.836211 0.013202 0.012908
1 0.560445 0.922462 0.007922 0.023466
1 0.533052 0.924810 0.017823 0.011732
1 0.520842 0.899581 0.014524 0.022296
1 0.812935 0.454233 0.024422 0.018776
1 0.794453 0.436044 0.012542 0.019950
1 0.784221 0.446605 0.009245 0.024644
1 0.374959 0.376194 0.010561 0.015256
