0 0.711940 0.745263 0.015182 0.025818
2 0.336343 0.242414 0.013862 0.019949
0 0.190461 0.628500 0.020463 0.085666
0 0.159767 0.630260 0.009242 0.068064
0 0.153826 0.657838 0.006601 0.024644
0 0.127422 0.641995 0.017162 0.086840
0 0.425457 0.322800 0.012542 0.023470
0 0.384531 0.333948 0.017823 0.022296
2 0.354496 0.310478 0.010562 0.022297
2 0.346575 0.293462 0.015843 0.016430
2 0.327432 0.315172 0.015842 0.024644
1 0.915911 0.896647 0.008583 0.028164
1 0.864094 0.622631 0.011885 0.026991
1 0.831750 0.625566 0.030365 0.018776
1 0.828779 0.652556 0.025745 0.023470
1 0.589820 0.292289 0.020464 0.023470
1 0.616227 0.305784 0.013859 0.022296
1 0.583552 0.313999 0.015844 0.022297
0 0.168348 0.635540 0.006601 0.055155
