0 0.580911 0.602682 0.005281 0.034031
0 0.491467 0.524644 0.017822 0.037552
0 0.464733 0.516429 0.011882 0.072758
0 0.419516 0.621458 0.007261 0.026991
0 0.413905 0.753478 0.010561 0.025818
0 0.360107 0.779882 0.025744 0.031685
2 0.891159 0.941829 0.022443 0.026991
2 0.878945 0.969407 0.015182 0.028167
2 0.925482 0.978792 0.021120 0.030509
1 0.413575 0.475356 0.032345 0.023470
1 0.386841 0.476530 0.009242 0.025817
1 0.438989 0.480050 0.007921 0.025818
1 0.412915 0.511148 0.020463 0.026991
1 0.812607 0.339229 0.017161 0.021123
1 0.756167 0.406706 0.025740 0.031684
1 0.674312 0.616177 0.012542 0.025818
1 0.708307 0.639061 0.025083 0.024644
