0 0.610286 0.711232 0.012542 0.032858
0 0.298718 0.305784 0.011222 0.026991
0 0.324462 0.306371 0.024423 0.018777
0 0.328422 0.322800 0.023104 0.018776
0 0.158447 0.620285 0.019803 0.071584
0 0.131053 0.619112 0.008581 0.055155
0 0.126102 0.643168 0.006601 0.021123
0 0.103988 0.630846 0.013862 0.073931
1 0.561768 0.468315 0.017161 0.018777
1 0.461432 0.281140 0.009242 0.019949
1 0.492787 0.257670 0.012542 0.017603
1 0.487176 0.282314 0.014522 0.019950
1 0.705010 0.615591 0.025083 0.015256
1 0.733724 0.613831 0.012542 0.023470
1 0.701708 0.639648 0.023760 0.021123
0 0.268353 0.597988 0.013863 0.022296
0 0.241619 0.605616 0.015842 0.021123
