0 0.689167 0.700670 0.014521 0.032858
2 0.328422 0.228919 0.011221 0.023470
2 0.370669 0.261777 0.019143 0.021123
0 0.120161 0.628500 0.015842 0.085666
0 0.182210 0.616177 0.021123 0.082145
0 0.152176 0.616764 0.007261 0.062195
0 0.146235 0.643169 0.005941 0.023470
0 0.418856 0.329841 0.016503 0.023470
0 0.338324 0.278794 0.012542 0.022296
0 0.347565 0.297569 0.009901 0.022296
0 0.319841 0.301090 0.017822 0.022296
1 0.980930 0.866722 0.011880 0.026991
1 0.851219 0.619698 0.012542 0.025817
1 0.817227 0.625565 0.029047 0.021123
1 0.812935 0.649622 0.027068 0.026991
1 0.582232 0.278794 0.023766 0.022296
1 0.608305 0.292288 0.015182 0.021123
1 0.575299 0.301677 0.015182 0.023470
