0 0.701378 0.738809 0.015182 0.031685
2 0.323141 0.235374 0.012542 0.017603
0 0.176269 0.630260 0.021123 0.086840
0 0.144915 0.627912 0.007261 0.061023
0 0.138644 0.657837 0.006601 0.022296
0 0.112900 0.642581 0.015842 0.088013
0 0.414565 0.315759 0.011882 0.021123
0 0.372649 0.328667 0.020463 0.021123
2 0.333703 0.290528 0.013862 0.019949
2 0.342614 0.305784 0.011882 0.022296
2 0.315220 0.310478 0.016503 0.024644
1 0.858812 0.621458 0.010562 0.026991
1 0.824159 0.625565 0.029703 0.021123
1 0.821846 0.650796 0.029047 0.022296
1 0.580581 0.287595 0.021786 0.021123
1 0.606323 0.301090 0.012542 0.026991
1 0.573982 0.309892 0.015182 0.023470
