0 0.194752 0.502347 0.017162 0.065717
0 0.174949 0.513495 0.010561 0.055156
0 0.262742 0.553395 0.006601 0.066890
0 0.141284 0.576865 0.010561 0.066891
2 0.668372 0.550461 0.020464 0.021123
0 0.869044 0.321040 0.009901 0.019950
0 0.119171 0.450713 0.013862 0.018777
0 0.104318 0.480637 0.018483 0.019950
2 0.811286 0.335122 0.009240 0.017603
2 0.838680 0.339229 0.013859 0.018777
1 0.899409 0.364459 0.025745 0.019950
1 0.873664 0.350377 0.011224 0.022297
1 0.862773 0.363873 0.013203 0.023470
1 0.250200 0.757586 0.015842 0.019949
1 0.262082 0.789270 0.021123 0.024644
