0 0.329082 0.685415 0.020464 0.042246
0 0.391132 0.389690 0.016503 0.028164
0 0.404004 0.406119 0.010561 0.035206
0 0.358457 0.419028 0.034325 0.025817
1 0.438659 0.450713 0.012542 0.021123
1 0.458132 0.479463 0.019803 0.024644
0 0.216865 0.528164 0.012542 0.030511
0 0.168018 0.541660 0.021783 0.017603
2 0.931094 0.131518 0.016500 0.021123
2 0.954198 0.161442 0.017823 0.024644
2 0.919542 0.154401 0.014521 0.026991
2 0.158777 0.587426 0.015182 0.034032
2 0.123791 0.600922 0.020463 0.028164
