1 0.863432 0.038224 0.009240 0.066890
1 0.843630 0.033530 0.009240 0.045767
1 0.816898 0.027662 0.015182 0.057502
1 0.546586 0.101593 0.023766 0.017603
1 0.460772 0.576278 0.015842 0.016429
1 0.424467 0.605029 0.013202 0.019949
1 0.387171 0.498826 0.008582 0.016429
1 0.355156 0.505281 0.018482 0.019950
1 0.821188 0.582732 0.015844 0.024644
1 0.779602 0.584493 0.023766 0.023470
1 0.487506 0.947694 0.019143 0.024648
1 0.465393 0.919531 0.013202 0.026994
1 0.455161 0.939481 0.009902 0.022296
