0 0.418196 0.626152 0.008581 0.041073
0 0.464073 0.519363 0.010562 0.069237
0 0.490147 0.524057 0.020463 0.048114
0 0.579591 0.604443 0.006599 0.037552
0 0.993143 0.860268 0.016505 0.028165
0 0.933734 0.858507 0.023104 0.019950
2 0.961128 0.968819 0.011880 0.026991
2 0.912940 0.917183 0.018484 0.012908
2 0.917229 0.967648 0.023104 0.031685
1 0.555167 0.852640 0.023760 0.029337
1 0.525133 0.823889 0.011224 0.030511
1 0.594773 0.339816 0.031682 0.015256
2 0.662432 0.618525 0.007260 0.018777
1 0.701708 0.631433 0.019802 0.016430
1 0.675964 0.601508 0.015844 0.026991
1 0.610945 0.504694 0.021786 0.028164
1 0.558466 0.467142 0.011880 0.030511
