0 0.010254 0.674267 0.021783 0.015256
0 0.246570 0.660771 0.012542 0.018777
0 0.240299 0.645515 0.014522 0.018777
0 0.224457 0.661944 0.011882 0.016430
2 0.990831 0.451299 0.017161 0.015256
2 0.968391 0.441325 0.010562 0.016429
2 0.960797 0.453646 0.008583 0.015256
2 0.506319 0.393211 0.010562 0.014082
2 0.494107 0.377368 0.007261 0.010562
2 0.486516 0.391450 0.006601 0.015256
1 0.715570 0.872003 0.011880 0.016430
1 0.691807 0.863788 0.010562 0.016429
1 0.909310 0.455994 0.013859 0.015256
1 0.879604 0.441325 0.007260 0.018777
