0 0.382880 0.459514 0.007921 0.092707
0 0.285846 0.382063 0.025084 0.090360
0 0.259112 0.399665 0.012542 0.076278
0 0.211585 0.485331 0.012542 0.090360
2 0.966740 0.468902 0.028385 0.031685
0 0.446580 0.126237 0.017822 0.036379
0 0.404004 0.119783 0.033005 0.021123
0 0.398063 0.150881 0.033005 0.031685
0 0.546917 0.752305 0.023104 0.032858
0 0.560117 0.785163 0.015182 0.032858
0 0.514900 0.785163 0.023762 0.030511
2 0.996115 0.197234 0.009240 0.023470
1 0.526451 0.638474 0.015181 0.028165
1 0.471994 0.593881 0.017162 0.021123
1 0.481895 0.636714 0.021123 0.029337
1 0.687518 0.794551 0.025745 0.030511
1 0.697419 0.828583 0.019141 0.025818
1 0.647581 0.810980 0.022443 0.032858
