0 0.583880 0.605029 0.007260 0.034032
0 0.495097 0.528164 0.019803 0.037553
0 0.468033 0.521123 0.013202 0.070411
0 0.422816 0.627326 0.007261 0.038726
0 0.604344 0.904275 0.024427 0.029338
2 0.912940 0.987593 0.018484 0.029333
2 0.880924 0.950630 0.024422 0.028167
2 0.867724 0.977616 0.013865 0.030509
1 0.412915 0.475356 0.033665 0.021123
1 0.441629 0.480637 0.009241 0.022296
1 0.411595 0.509975 0.020464 0.026991
1 0.388161 0.477117 0.009241 0.026991
1 0.619195 0.397905 0.018484 0.023470
1 0.604344 0.427829 0.033667 0.026991
1 0.549885 0.416681 0.015844 0.030511
1 0.737354 0.624392 0.007917 0.025818
1 0.700388 0.631433 0.021120 0.018776
1 0.680914 0.598575 0.015182 0.025817
