0 0.113560 0.719447 0.015842 0.032858
2 0.173959 0.463621 0.016502 0.025817
2 0.129402 0.460100 0.022443 0.025818
0 0.671013 0.296396 0.019141 0.022297
2 0.685206 0.267058 0.011880 0.017603
0 0.500378 0.533445 0.011882 0.024644
0 0.450211 0.549288 0.021123 0.025818
1 0.612924 0.886672 0.020464 0.022297
1 0.613255 0.854400 0.029042 0.014082
1 0.586852 0.860268 0.007922 0.021123
1 0.452191 0.313999 0.017163 0.019949
1 0.450211 0.347444 0.015842 0.023470
1 0.416876 0.352137 0.015182 0.021123
