1 0.783232 0.121543 0.009901 0.055155
1 0.766398 0.120956 0.007922 0.039899
1 0.744945 0.113328 0.013859 0.050460
1 0.507309 0.179045 0.020463 0.015256
0 0.492457 0.548114 0.010562 0.016430
0 0.459452 0.539900 0.009242 0.016429
1 0.391792 0.635540 0.011222 0.017603
1 0.370999 0.624392 0.018483 0.016429
1 0.364728 0.643755 0.012542 0.017603
1 0.361427 0.525230 0.015182 0.017603
1 0.851221 0.477703 0.016505 0.018777
1 0.823167 0.471249 0.018479 0.017603
1 0.817557 0.490025 0.017823 0.022296
1 0.867724 0.695389 0.011219 0.017603
1 0.846599 0.687175 0.021781 0.017603
1 0.840659 0.707125 0.015182 0.017603
