0 0.504339 0.597988 0.006601 0.045767
0 0.418196 0.528751 0.015182 0.043420
0 0.394762 0.525231 0.010562 0.069237
0 0.351856 0.623219 0.007921 0.046941
2 0.863102 0.943000 0.011224 0.029333
2 0.817557 0.896060 0.016500 0.015256
2 0.821518 0.942417 0.020464 0.028167
1 0.509620 0.805700 0.026405 0.029338
1 0.497738 0.834450 0.018483 0.025818
1 0.532393 0.352724 0.023099 0.026991
1 0.730422 0.805113 0.017823 0.023470
1 0.689497 0.800419 0.015182 0.030511
1 0.479585 0.480050 0.020463 0.025818
