0 0.354496 0.513495 0.006601 0.078626
0 0.269673 0.450126 0.019143 0.076278
0 0.244920 0.464208 0.011882 0.069237
0 0.202673 0.540486 0.010562 0.080972
2 0.867062 0.523470 0.027063 0.030511
0 0.545927 0.029422 0.010562 0.021123
0 0.504669 0.037050 0.012542 0.019950
0 0.475955 0.254150 0.017162 0.026991
2 0.464403 0.274686 0.009902 0.025817
0 0.533052 0.802766 0.008583 0.023470
0 0.488166 0.799245 0.017822 0.028164
2 0.504999 0.072842 0.009242 0.023470
2 0.477274 0.082817 0.017162 0.024644
1 0.441299 0.615004 0.031024 0.023470
1 0.446910 0.645515 0.019803 0.025818
1 0.406974 0.627912 0.015182 0.025818
1 0.680255 0.788684 0.019146 0.025818
1 0.647911 0.762280 0.021781 0.034031
1 0.636357 0.789857 0.013203 0.028164
1 0.993474 0.471249 0.014521 0.031685
