0 0.068013 0.817435 0.017163 0.034032
2 0.133033 0.504107 0.019143 0.029338
2 0.079895 0.500587 0.025084 0.026991
0 0.611604 0.251216 0.012542 0.021123
0 0.634047 0.285834 0.021781 0.024644
2 0.599063 0.276446 0.008583 0.022296
0 0.411265 0.577452 0.017162 0.025817
0 0.350866 0.589774 0.024424 0.029338
1 0.664083 0.953560 0.015844 0.029343
1 0.635701 0.989940 0.022443 0.026991
1 0.440969 0.379715 0.015843 0.026991
1 0.394762 0.340989 0.014522 0.017603
1 0.401363 0.376781 0.017162 0.028165
