1 0.956836 0.293462 0.020464 0.014081
2 0.740323 0.439564 0.008583 0.017603
2 0.718211 0.441911 0.017161 0.015256
2 0.716563 0.460100 0.017823 0.016429
1 0.752208 0.680134 0.012542 0.015256
1 0.725471 0.684828 0.011880 0.019950
1 0.551867 0.484744 0.011880 0.018776
0 0.259112 0.727661 0.015182 0.016430
0 0.228087 0.726488 0.009902 0.018777
0 0.277925 0.806286 0.015842 0.025817
0 0.246240 0.822129 0.021123 0.022296
0 0.107289 0.268819 0.015182 0.016430
0 0.112570 0.283488 0.009902 0.017603
0 0.092767 0.284074 0.013862 0.018776
