1 0.735044 0.629086 0.011224 0.016430
1 0.763430 0.648449 0.009901 0.019950
1 0.795773 0.666638 0.021786 0.021123
1 0.800724 0.684241 0.014521 0.018777
1 0.775641 0.681307 0.014521 0.022296
1 0.739333 0.655490 0.014521 0.019949
1 0.534375 0.300503 0.012542 0.018777
1 0.524472 0.304611 0.020463 0.017603
1 0.527443 0.338056 0.011885 0.051635
1 0.539656 0.345683 0.007260 0.045767
1 0.565068 0.385583 0.007917 0.052808
1 0.480245 0.374435 0.009902 0.056329
1 0.522822 0.373848 0.019804 0.019949
1 0.508959 0.545180 0.013202 0.017603
1 0.482885 0.526404 0.024424 0.015256
1 0.479585 0.544007 0.021783 0.017603
1 0.711609 0.630847 0.011885 0.017603
1 0.676625 0.619698 0.011885 0.025817
0 0.462092 0.610310 0.010562 0.025818
0 0.437009 0.634367 0.022443 0.017603
0 0.627779 0.664292 0.011880 0.016430
0 0.621836 0.684241 0.013203 0.018777
0 0.597083 0.684828 0.008583 0.022296
2 0.261092 0.424895 0.021783 0.018776
