1 0.895117 0.224812 0.011880 0.017603
1 0.886206 0.228332 0.020464 0.017603
1 0.881255 0.287008 0.019802 0.017603
1 0.919872 0.298156 0.011224 0.049288
1 0.897758 0.258844 0.006599 0.038726
1 0.841651 0.285248 0.009240 0.044594
1 0.886867 0.253562 0.009901 0.039899
1 0.724813 0.299917 0.018479 0.015256
1 0.805674 0.307544 0.013859 0.014082
1 0.783563 0.292875 0.009240 0.017603
1 0.851549 0.367394 0.013203 0.018776
0 0.668703 0.495306 0.009240 0.021123
0 0.684875 0.513495 0.013865 0.017602
2 0.648570 0.316345 0.019141 0.015256
