1 0.777289 0.676027 0.019141 0.018776
1 0.783560 0.694216 0.013203 0.017603
1 0.759797 0.691869 0.013198 0.019949
1 0.520180 0.313412 0.011880 0.018776
1 0.510941 0.315759 0.019806 0.016429
1 0.507969 0.385583 0.021783 0.017603
1 0.525464 0.355658 0.009240 0.039900
1 0.511930 0.349791 0.012542 0.049287
1 0.550214 0.394971 0.007260 0.050460
1 0.464733 0.383823 0.006601 0.051634
1 0.475624 0.572757 0.009902 0.018776
1 0.450211 0.559262 0.022443 0.015256
1 0.447900 0.576865 0.021783 0.019950
1 0.717883 0.668399 0.015182 0.019949
1 0.683885 0.655490 0.009240 0.022297
0 0.447570 0.620871 0.009242 0.023470
0 0.422486 0.646102 0.022444 0.017603
0 0.619529 0.648449 0.015182 0.015256
0 0.617878 0.670159 0.011880 0.023470
0 0.593453 0.677200 0.014521 0.023470
2 0.244920 0.436044 0.021123 0.017603
