1 0.656820 0.310478 0.007922 0.012908
1 0.648570 0.314586 0.016505 0.014082
1 0.645932 0.373261 0.017823 0.016429
2 0.661443 0.347444 0.007917 0.035206
2 0.682234 0.381475 0.007260 0.051634
2 0.609294 0.368567 0.007922 0.051634
2 0.649229 0.342163 0.008583 0.038726
1 0.729432 0.478877 0.019802 0.016430
1 0.715240 0.455406 0.011219 0.018776
1 0.405984 0.433696 0.011882 0.015256
1 0.383871 0.423135 0.007261 0.017603
1 0.740654 0.509975 0.013203 0.015256
1 0.728443 0.500000 0.007260 0.021124
1 0.724154 0.702431 0.007922 0.019950
1 0.741643 0.711819 0.015182 0.017603
0 0.663424 0.472422 0.011880 0.015256
0 0.647911 0.459514 0.007260 0.019950
0 0.752536 0.390863 0.013198 0.016429
0 0.741643 0.382063 0.011224 0.017603
0 0.734052 0.391450 0.009240 0.017603
2 0.423147 0.409640 0.018483 0.016430
