1 0.696427 0.235374 0.010562 0.017603
1 0.687846 0.238894 0.018484 0.017603
1 0.670023 0.264711 0.013203 0.050461
1 0.704677 0.271166 0.012542 0.053981
1 0.799073 0.468315 0.017823 0.016429
1 0.774320 0.452473 0.011880 0.024644
1 0.477605 0.657838 0.011222 0.017603
1 0.445920 0.661357 0.012542 0.015256
1 0.773000 0.609137 0.010562 0.018777
1 0.783232 0.626152 0.015182 0.017603
1 0.765409 0.620285 0.009901 0.022297
1 0.886536 0.703018 0.014521 0.018776
1 0.863763 0.694216 0.012547 0.019950
0 0.398062 0.538139 0.006601 0.024644
0 0.416876 0.556915 0.021783 0.015256
0 0.041279 0.923638 0.019143 0.018779
0 0.631406 0.519363 0.007260 0.019950
0 0.613917 0.534619 0.014521 0.019950
1 0.391792 0.339816 0.017823 0.017603
1 0.690818 0.278206 0.005937 0.025817
