0 0.231058 0.789270 0.014522 0.024644
0 0.219836 0.814501 0.027724 0.028165
0 0.184191 0.820955 0.019803 0.031684
0 0.277925 0.736463 0.014522 0.022297
0 0.322151 0.752305 0.017163 0.023470
0 0.304989 0.294049 0.013202 0.017603
0 0.322481 0.282900 0.017823 0.018777
0 0.330072 0.302263 0.013202 0.022297
1 0.880266 0.594468 0.020458 0.024644
1 0.842969 0.589774 0.021125 0.024644
1 0.844292 0.555742 0.014521 0.019950
1 0.670682 0.496480 0.014521 0.025817
1 0.675635 0.967060 0.012542 0.023472
1 0.678276 0.999329 0.016500 0.031676
1 0.708641 1.000000 0.019146 0.025815
