1 0.727122 0.282314 0.009901 0.015256
1 0.719201 0.285248 0.016505 0.014082
2 0.716229 0.340989 0.015844 0.015256
2 0.737354 0.313412 0.010562 0.049287
2 0.718870 0.313412 0.009240 0.039899
2 0.701708 0.309891 0.013198 0.046940
1 0.480905 0.498239 0.008581 0.017603
1 0.454831 0.503521 0.010561 0.014082
1 0.895120 0.690109 0.010562 0.021123
1 0.903698 0.712406 0.015844 0.018776
1 0.852539 0.737050 0.009901 0.021123
1 0.856503 0.762280 0.015182 0.019950
0 0.009924 0.618525 0.014522 0.018777
0 0.451531 0.557502 0.009242 0.018776
0 0.433708 0.569824 0.013202 0.015256
2 0.507309 0.371501 0.017822 0.015256
