0 0.230727 0.789857 0.016503 0.023470
0 0.221816 0.814501 0.025083 0.028165
0 0.184191 0.821542 0.019803 0.030511
0 0.278255 0.734702 0.012542 0.023470
0 0.320171 0.752305 0.019803 0.023470
0 0.326442 0.283488 0.021783 0.017603
0 0.327102 0.302263 0.015182 0.019949
0 0.309279 0.416094 0.012542 0.017603
0 0.300368 0.432523 0.018483 0.019950
1 0.901060 0.610310 0.023766 0.025818
1 0.870034 0.596228 0.014526 0.023470
1 0.671344 0.497653 0.014521 0.023470
1 0.675305 0.967648 0.015839 0.022296
1 0.678276 0.999329 0.016500 0.024639
1 0.708969 1.000000 0.019802 0.026991
1 0.902049 0.588013 0.029703 0.021123
