0 0.607974 0.518776 0.005281 0.021123
0 0.590154 0.533445 0.013203 0.017603
2 0.842641 0.675440 0.012542 0.015256
2 0.821187 0.668986 0.009240 0.021123
1 0.486186 0.651383 0.008581 0.018777
1 0.800062 0.619698 0.015844 0.011735
1 0.803693 0.636127 0.012542 0.014082
1 0.784552 0.630846 0.007260 0.022296
0 0.423807 0.724140 0.021123 0.014082
0 0.401363 0.703604 0.006601 0.019949
1 0.762109 0.769320 0.007260 0.019950
1 0.787852 0.782816 0.020464 0.016429
0 0.461102 0.592120 0.013862 0.015256
0 0.372649 0.544594 0.009902 0.016430
0 0.349876 0.542246 0.013202 0.014081
1 0.664083 0.237133 0.015844 0.011735
1 0.407304 0.340402 0.019803 0.014082
1 0.679594 0.268819 0.008583 0.051635
1 0.663091 0.258257 0.004620 0.025818
1 0.645602 0.265298 0.011880 0.051634
