0 0.442290 0.645515 0.010561 0.025818
0 0.417206 0.668985 0.026404 0.023470
0 0.406974 0.384996 0.019143 0.014082
0 0.406974 0.403185 0.017823 0.019950
0 0.600052 0.462448 0.021125 0.018777
0 0.607643 0.480637 0.009901 0.015256
0 0.584211 0.468902 0.011880 0.017603
1 0.530082 0.471249 0.022441 0.015256
1 0.532062 0.491786 0.021125 0.021123
1 0.506319 0.481224 0.011882 0.021123
1 0.704680 0.579212 0.016505 0.022296
1 0.777951 0.681894 0.020464 0.018776
1 0.784883 0.700670 0.013203 0.018776
1 0.760458 0.697737 0.014521 0.019949
1 0.595432 0.510562 0.013198 0.016429
2 0.247890 0.441325 0.023103 0.018777
1 0.512260 0.355658 0.013202 0.049287
1 0.525792 0.362700 0.008583 0.044594
1 0.549555 0.404359 0.005943 0.045768
1 0.465063 0.392624 0.008581 0.052808
1 0.508960 0.322800 0.018483 0.014081
1 0.508959 0.390277 0.019803 0.022296
