0 0.893138 0.469489 0.014526 0.016430
1 0.621177 0.400251 0.009240 0.016429
1 0.593781 0.402012 0.012542 0.012908
1 0.459452 0.458927 0.011882 0.016429
1 0.449551 0.438977 0.007921 0.014082
0 0.332053 0.475356 0.010561 0.016430
0 0.326112 0.489438 0.018483 0.014082
0 0.297728 0.493546 0.010561 0.019949
1 0.976310 0.697737 0.017161 0.019949
1 0.943635 0.695389 0.019146 0.029338
0 0.618534 0.556915 0.007922 0.015256
0 0.587182 0.578038 0.012542 0.012908
0 0.398062 0.559849 0.006601 0.018776
0 0.379250 0.573931 0.012542 0.016429
1 0.807654 0.177871 0.019141 0.015256
1 0.535693 0.275860 0.019146 0.016429
1 0.825148 0.207209 0.013203 0.050461
1 0.787852 0.202515 0.015182 0.055155
0 0.877294 0.450713 0.007922 0.021123
1 0.805346 0.196061 0.007922 0.032858
