0 0.410275 0.392037 0.013862 0.021124
0 0.432718 0.397318 0.013862 0.019950
0 0.503349 0.578038 0.016503 0.022297
1 0.468033 0.505281 0.014522 0.019950
1 0.594443 0.494132 0.013865 0.018776
1 0.793794 0.686588 0.020464 0.018776
1 0.797753 0.704191 0.015182 0.018776
1 0.774648 0.697737 0.016505 0.024644
1 0.593453 0.333362 0.015844 0.021123
1 0.608964 0.348617 0.012542 0.016429
1 0.588172 0.347444 0.013198 0.018776
2 0.259772 0.438977 0.027064 0.021123
1 0.523812 0.366806 0.007261 0.022296
1 0.537674 0.365046 0.008578 0.032857
1 0.562758 0.413747 0.007266 0.026991
1 0.477935 0.403186 0.003960 0.024644
1 0.522493 0.324560 0.021785 0.015256
1 0.521502 0.390277 0.022444 0.019950
0 0.485526 0.528751 0.012542 0.022296
1 0.568039 0.482984 0.009901 0.017603
