1 0.795773 0.666638 0.021786 0.021123
1 0.738346 0.657250 0.015182 0.021123
1 0.773659 0.687762 0.013203 0.021123
1 0.797422 0.690695 0.014521 0.019950
1 0.732073 0.633780 0.011885 0.016429
1 0.761779 0.654317 0.011880 0.022296
1 0.534372 0.306957 0.011224 0.015256
1 0.524141 0.310478 0.019802 0.017603
1 0.522492 0.380302 0.020464 0.016430
1 0.525463 0.345097 0.010564 0.049288
1 0.538664 0.348617 0.007922 0.042247
1 0.564409 0.389690 0.007922 0.053981
1 0.478265 0.381475 0.008582 0.053981
1 0.479585 0.535792 0.021783 0.012908
1 0.479255 0.550461 0.022443 0.018776
1 0.697089 0.694802 0.009240 0.021123
1 0.670354 0.710645 0.016500 0.017603
1 0.644940 0.691282 0.007922 0.028164
0 0.460112 0.616764 0.010561 0.024644
0 0.435689 0.638475 0.023764 0.021123
0 0.187821 0.813914 0.017822 0.024644
0 0.198383 0.829756 0.012542 0.023470
0 0.169668 0.832103 0.015843 0.021123
0 0.595763 0.680134 0.013859 0.015256
0 0.591471 0.698910 0.014526 0.017603
0 0.567378 0.703604 0.011224 0.019949
2 0.259772 0.429002 0.021783 0.017603
