0 0.658471 0.304024 0.016505 0.011735
0 0.660784 0.320453 0.011880 0.014081
0 0.642961 0.308131 0.007922 0.019949
2 0.811286 0.666051 0.010562 0.017603
2 0.791151 0.657837 0.007260 0.019950
1 0.424797 0.412573 0.013862 0.015256
1 0.399053 0.402012 0.009902 0.022296
1 0.142934 0.417268 0.012542 0.015256
1 0.141614 0.400838 0.016502 0.015256
0 0.128412 0.491786 0.011222 0.016429
0 0.123461 0.508801 0.019803 0.017603
0 0.095077 0.515256 0.014522 0.018776
1 0.748906 0.709472 0.008583 0.024644
1 0.740323 0.693629 0.008583 0.018777
1 0.721180 0.717687 0.020464 0.017603
0 0.412585 0.582733 0.011882 0.017603
0 0.275284 0.586840 0.011882 0.016430
0 0.250861 0.597401 0.011882 0.018777
1 0.603354 0.176111 0.017167 0.016430
1 0.364068 0.277033 0.019143 0.016429
1 0.619526 0.204862 0.009906 0.052807
1 0.585201 0.201928 0.011224 0.051634
1 0.602034 0.196648 0.006599 0.024644
