1 0.590813 0.306957 0.011885 0.015256
1 0.582560 0.311065 0.019141 0.016430
1 0.578930 0.373847 0.019807 0.015256
1 0.617216 0.383236 0.007922 0.055155
1 0.594443 0.346270 0.007260 0.042246
1 0.582562 0.340989 0.012542 0.045768
1 0.539326 0.372674 0.007922 0.052807
1 0.592130 0.465381 0.019802 0.015256
1 0.591802 0.481811 0.019146 0.017603
1 0.567378 0.472423 0.008578 0.017603
1 0.545924 0.485918 0.013203 0.016429
1 0.764089 0.624979 0.011219 0.022296
1 0.738674 0.602682 0.013203 0.022296
1 0.742964 0.627326 0.013865 0.017602
1 0.724482 0.640235 0.011224 0.017603
0 0.613586 0.497653 0.015182 0.018776
0 0.618865 0.511735 0.012542 0.016430
0 0.596094 0.507628 0.010563 0.017602
0 0.679596 0.379715 0.009901 0.017603
0 0.690818 0.390863 0.013865 0.016429
0 0.672664 0.389690 0.007922 0.021123
1 0.702367 0.639061 0.013203 0.015256
2 0.339974 0.416681 0.019803 0.016430
