1 0.607312 0.315172 0.010562 0.015256
1 0.598404 0.318693 0.016505 0.017602
1 0.597083 0.379715 0.017823 0.015256
1 0.599724 0.348031 0.011219 0.045767
1 0.610945 0.353898 0.008578 0.038726
1 0.631737 0.384996 0.007922 0.049288
1 0.558135 0.376195 0.007260 0.048114
1 0.607643 0.464208 0.019141 0.012908
1 0.608964 0.477703 0.017823 0.016429
1 0.564078 0.481811 0.012542 0.017603
1 0.683227 0.533445 0.011880 0.015256
1 0.671674 0.512909 0.011224 0.021123
1 0.664742 0.524057 0.006599 0.022297
1 0.700057 0.595055 0.011219 0.018776
1 0.724154 0.615004 0.007922 0.021123
1 0.704680 0.619698 0.011224 0.016430
0 0.610945 0.507628 0.011224 0.017602
0 0.590482 0.503520 0.011224 0.016430
0 0.690487 0.386169 0.009245 0.016430
0 0.701380 0.395558 0.012542 0.014082
0 0.684216 0.396144 0.009901 0.017603
2 0.374299 0.418441 0.019803 0.017603
