1 0.701378 0.256497 0.009901 0.012908
1 0.692466 0.260604 0.018484 0.014082
1 0.674646 0.287594 0.014521 0.053981
1 0.709302 0.293463 0.012542 0.056329
1 0.695109 0.420788 0.019802 0.012909
1 0.693128 0.434283 0.021120 0.016430
1 0.715570 0.424895 0.010557 0.021123
1 0.487506 0.514669 0.009901 0.017603
1 0.457472 0.516429 0.011882 0.016429
1 0.394102 0.676026 0.013202 0.016429
0 0.433378 0.568063 0.009902 0.025818
0 0.413575 0.587426 0.019143 0.017603
0 0.630417 0.541659 0.009240 0.015256
0 0.611276 0.557502 0.014521 0.018776
1 0.433708 0.363873 0.019803 0.018777
1 0.690487 0.281141 0.006599 0.026991
1 0.694448 0.299330 0.006604 0.023470
