0 0.222476 0.802765 0.015842 0.021123
0 0.211254 0.829169 0.027724 0.026991
0 0.174619 0.834450 0.017822 0.032858
0 0.274624 0.733529 0.013202 0.018776
0 0.317530 0.751131 0.018483 0.025818
0 0.336343 0.287594 0.019143 0.016430
0 0.342614 0.305198 0.011882 0.021123
0 0.318191 0.298743 0.011882 0.019949
1 0.791813 0.573344 0.013865 0.029337
1 0.819867 0.589774 0.026401 0.022297
1 0.670354 0.497653 0.013865 0.023470
1 0.678935 0.987597 0.019141 0.026991
1 0.710620 0.986421 0.019146 0.026991
1 0.676625 0.951801 0.011885 0.025824
1 0.966737 0.227159 0.020464 0.024644
