0 0.441629 0.643755 0.011882 0.024644
0 0.399713 0.378542 0.019143 0.019950
0 0.417866 0.390863 0.014522 0.018777
0 0.395422 0.396731 0.013202 0.021123
0 0.639990 0.457167 0.019146 0.017603
0 0.658471 0.460688 0.011224 0.019949
0 0.637018 0.473009 0.017161 0.018776
1 0.458462 0.551048 0.023104 0.017603
1 0.455491 0.568063 0.023764 0.021123
1 0.483546 0.567477 0.011221 0.022296
0 0.415226 0.663705 0.023764 0.022296
1 0.694776 0.677200 0.012542 0.023470
1 0.729432 0.680720 0.015844 0.018776
1 0.777951 0.677787 0.021786 0.019950
1 0.784552 0.697737 0.013865 0.019949
1 0.760786 0.693629 0.012542 0.021123
2 0.247560 0.438391 0.023764 0.019950
1 0.511600 0.350964 0.010561 0.044594
1 0.525461 0.356831 0.007922 0.042246
1 0.549555 0.394384 0.005943 0.049287
1 0.465393 0.386756 0.007921 0.045767
1 0.510940 0.318693 0.018483 0.019950
1 0.508959 0.385583 0.019803 0.019949
