1 0.757818 0.279967 0.009240 0.012909
1 0.749896 0.284661 0.018479 0.017603
1 0.764089 0.314585 0.011219 0.049287
1 0.732401 0.310478 0.012542 0.048114
1 0.574969 0.488265 0.009240 0.016430
1 0.548896 0.494132 0.012542 0.016430
1 0.940336 0.721794 0.015182 0.023470
1 0.961789 0.717686 0.011880 0.019950
1 0.865742 0.798658 0.013859 0.019950
1 0.842310 0.774014 0.011880 0.017603
1 0.844620 0.799832 0.013865 0.024644
0 0.041279 0.613244 0.016503 0.017603
0 0.320501 0.877870 0.016502 0.018776
0 0.308289 0.862615 0.011882 0.018776
0 0.300368 0.874937 0.007921 0.022297
0 0.479255 0.556915 0.007921 0.015256
0 0.466713 0.569237 0.013202 0.014081
1 0.476615 0.375021 0.017162 0.017603
