0 0.974659 0.632020 0.008578 0.019949
0 0.950896 0.643169 0.013865 0.018776
1 0.709958 0.411400 0.012542 0.015256
1 0.680914 0.410226 0.009901 0.017603
1 0.656492 0.489438 0.009901 0.016429
1 0.642299 0.473596 0.017161 0.017603
1 0.636029 0.490025 0.009901 0.012908
0 0.461102 0.468902 0.008581 0.015256
0 0.457142 0.483571 0.017823 0.016429
0 0.428757 0.488265 0.012542 0.018776
1 0.991161 0.793378 0.019146 0.025817
0 0.720193 0.601508 0.009240 0.015256
0 0.685865 0.599749 0.014521 0.016429
0 0.573318 0.656077 0.008583 0.018776
1 0.949576 0.179632 0.020464 0.014082
1 0.967070 0.211903 0.011880 0.055155
1 0.928781 0.207209 0.014521 0.050461
1 0.646260 0.275860 0.021125 0.016429
0 0.552195 0.671919 0.015182 0.012908
