0 0.333043 0.799245 0.013862 0.025818
0 0.341954 0.817435 0.013202 0.029338
0 0.314230 0.820369 0.026404 0.023470
0 0.281225 0.724141 0.011882 0.023470
0 0.241949 0.735876 0.015182 0.018776
0 0.809964 0.637888 0.015844 0.019949
0 0.855180 0.511149 0.015182 0.017603
1 0.970039 0.890779 0.012547 0.016429
1 0.981922 0.930678 0.027063 0.028163
1 0.689826 0.458927 0.011880 0.014082
1 0.714253 0.448366 0.007922 0.016430
1 0.502359 0.833277 0.007921 0.021123
1 0.470343 0.814500 0.009902 0.021123
1 0.890497 0.286421 0.023766 0.021123
