1 0.710289 0.280554 0.009245 0.011735
1 0.702370 0.284661 0.015844 0.015256
1 0.700057 0.339816 0.016500 0.012909
2 0.703690 0.311065 0.011880 0.039900
2 0.714250 0.313999 0.006604 0.034032
2 0.734385 0.345097 0.007260 0.051634
2 0.665073 0.335122 0.007260 0.052808
1 0.817224 0.634954 0.010562 0.025817
1 0.795443 0.644928 0.022448 0.017603
1 0.521501 0.528164 0.010561 0.018777
1 0.502029 0.517016 0.008581 0.019950
1 0.826469 0.739983 0.010562 0.019949
1 0.801714 0.720620 0.011219 0.023469
1 0.806003 0.742330 0.013203 0.019950
0 0.430738 0.668399 0.008581 0.019949
0 0.411595 0.683068 0.012542 0.018776
0 0.475954 0.612657 0.011882 0.018777
0 0.481895 0.624392 0.010561 0.016429
0 0.462092 0.622045 0.011882 0.018776
2 0.492127 0.370327 0.019143 0.015256
