0 0.510940 0.567477 0.010561 0.022296
0 0.491467 0.582146 0.017822 0.021123
2 0.810956 0.695389 0.021786 0.022297
2 0.816568 0.716513 0.019802 0.019950
2 0.783232 0.709472 0.013859 0.024644
1 0.697089 0.572171 0.011885 0.024644
1 0.727453 0.595055 0.015844 0.018776
1 0.857161 0.677200 0.019146 0.016430
1 0.864753 0.695389 0.018484 0.024644
1 0.839010 0.691869 0.014521 0.022297
1 0.504339 0.432523 0.014522 0.022296
1 0.490477 0.450125 0.011882 0.017603
2 0.325122 0.423722 0.025744 0.018777
1 0.602365 0.349204 0.008583 0.038726
1 0.588169 0.360352 0.007922 0.011735
1 0.586852 0.308131 0.018484 0.017603
1 0.585201 0.379128 0.020464 0.016429
0 0.568039 0.491199 0.008578 0.017603
0 0.586190 0.513495 0.022443 0.017602
