1 0.727122 0.284661 0.009901 0.017603
1 0.718872 0.287594 0.018484 0.016430
1 0.717221 0.345097 0.019141 0.014082
2 0.720852 0.313999 0.009245 0.036379
2 0.731411 0.320453 0.005281 0.032858
2 0.751216 0.352138 0.009245 0.046941
2 0.681906 0.338643 0.009240 0.050461
1 0.532062 0.526991 0.009240 0.016430
1 0.504669 0.525817 0.009902 0.016429
1 0.780591 0.723554 0.011224 0.017602
1 0.785211 0.746437 0.015182 0.018776
1 0.806995 0.743503 0.008583 0.022297
0 0.008274 0.622045 0.015182 0.018776
0 0.438659 0.564543 0.009901 0.018777
0 0.430738 0.582146 0.012542 0.014082
2 0.508299 0.375021 0.017162 0.017603
0 0.413575 0.582146 0.007261 0.021123
