1 0.735375 0.188433 0.009240 0.017603
1 0.725802 0.191367 0.017823 0.018776
1 0.726464 0.222465 0.008583 0.041072
1 0.761117 0.264712 0.009245 0.048114
1 0.683227 0.254150 0.007922 0.050460
1 0.722503 0.254736 0.020464 0.016430
1 0.841651 0.339229 0.014521 0.021123
1 0.819206 0.325734 0.021120 0.017603
1 0.815245 0.342163 0.021125 0.019950
1 0.646591 0.232440 0.009901 0.016430
1 0.620188 0.235960 0.012542 0.016430
1 0.703029 0.333362 0.010557 0.018777
1 0.683224 0.330428 0.010562 0.015256
0 0.535034 0.511149 0.015182 0.012908
0 0.536354 0.528164 0.013865 0.018777
0 0.216535 0.525231 0.013202 0.019950
2 0.491137 0.289942 0.019803 0.016430
