0 0.504339 0.554569 0.010562 0.019950
0 0.482886 0.565716 0.023104 0.021123
0 0.434038 0.385583 0.013862 0.019949
0 0.412255 0.394971 0.013862 0.019949
0 0.504669 0.663705 0.008581 0.017603
0 0.485856 0.680721 0.017163 0.021123
1 0.517210 0.487678 0.019142 0.019949
1 0.514569 0.505868 0.017820 0.016430
1 0.579260 0.494719 0.011219 0.022296
1 0.610945 0.497066 0.015182 0.022297
1 0.800065 0.698323 0.013203 0.018776
1 0.777620 0.693629 0.013198 0.025818
1 0.795443 0.681894 0.018479 0.018776
1 0.625466 0.417268 0.015182 0.019950
1 0.644609 0.416094 0.011219 0.017603
1 0.620185 0.396731 0.009901 0.018777
2 0.262412 0.435457 0.024423 0.021123
1 0.527112 0.359766 0.008578 0.031685
1 0.541305 0.355072 0.006599 0.041073
1 0.564737 0.407293 0.005943 0.030511
1 0.480905 0.396144 0.005941 0.034031
1 0.526782 0.316932 0.019802 0.014081
1 0.523481 0.388517 0.021121 0.018776
1 0.541964 0.497066 0.010562 0.019949
