0 0.572000 0.525817 0.021781 0.021123
0 0.497078 0.576865 0.010561 0.022296
0 0.477274 0.593294 0.017162 0.022297
2 0.652531 0.505281 0.012542 0.019950
2 0.677617 0.495893 0.020464 0.017603
2 0.680917 0.515256 0.021781 0.018776
1 0.620846 0.467729 0.009901 0.019950
1 0.652531 0.473009 0.013865 0.018776
1 0.849242 0.706538 0.015182 0.018776
1 0.824487 0.700083 0.015839 0.022296
1 0.842971 0.687175 0.018484 0.017603
1 0.491137 0.441911 0.017162 0.022296
1 0.476615 0.460101 0.011882 0.018776
2 0.310929 0.437804 0.022443 0.018776
1 0.588169 0.359179 0.007922 0.044593
1 0.611935 0.417854 0.005276 0.014082
1 0.528432 0.407880 0.005937 0.015256
1 0.574310 0.321040 0.021120 0.015256
1 0.569690 0.388517 0.023766 0.018776
0 0.554177 0.502934 0.008583 0.019949
