1 0.537674 0.336295 0.011224 0.015256
1 0.527442 0.341576 0.019803 0.016430
1 0.525791 0.410227 0.021782 0.015256
1 0.529422 0.375608 0.011885 0.049288
1 0.541635 0.382063 0.008583 0.041073
1 0.566719 0.418441 0.007260 0.057502
1 0.482226 0.410813 0.008581 0.056329
1 0.462752 0.424308 0.018483 0.019950
1 0.638669 0.530511 0.008578 0.018776
1 0.609625 0.541659 0.013865 0.015256
1 0.799073 0.706538 0.017823 0.016430
1 0.802044 0.724141 0.011880 0.018776
1 0.781581 0.716512 0.009245 0.022297
1 0.771680 0.690109 0.011880 0.021123
0 0.429748 0.382062 0.014522 0.019950
2 0.263072 0.460688 0.021783 0.017603
