1 0.671344 0.238307 0.010562 0.018776
1 0.661112 0.241241 0.019141 0.017603
1 0.678935 0.271752 0.013859 0.052808
1 0.644940 0.265298 0.015839 0.051634
1 0.754846 0.409639 0.011224 0.021123
1 0.732732 0.398492 0.018484 0.015256
1 0.729102 0.412574 0.019141 0.017603
1 0.434368 0.464795 0.007921 0.016429
1 0.410935 0.475943 0.011221 0.017603
1 0.640979 0.667225 0.009240 0.022296
0 0.389151 0.567477 0.020463 0.015256
0 0.370339 0.546941 0.007921 0.023470
0 0.596094 0.535206 0.014521 0.018776
0 0.574310 0.522883 0.009245 0.019950
1 0.367368 0.343337 0.019143 0.017603
