0 0.312580 0.800419 0.015182 0.023470
0 0.335023 0.813914 0.024423 0.024644
0 0.304989 0.817435 0.013202 0.024644
0 0.300698 0.663705 0.012542 0.024644
0 0.337334 0.676613 0.015842 0.022297
0 0.343274 0.294636 0.018483 0.016429
0 0.348555 0.310478 0.014522 0.015256
0 0.327432 0.304024 0.013202 0.018776
1 0.889836 0.649622 0.018484 0.026991
1 0.918221 0.672506 0.021120 0.023469
1 0.883565 0.668399 0.020464 0.024644
1 0.653190 0.470662 0.013859 0.021123
1 0.912279 0.246522 0.018484 0.018777
