1 0.533714 0.333362 0.011219 0.014082
1 0.523811 0.339229 0.020461 0.016429
1 0.521170 0.407293 0.020461 0.016430
1 0.538664 0.377955 0.009245 0.044594
1 0.563086 0.417268 0.007922 0.057502
1 0.525793 0.372088 0.015184 0.049288
1 0.478595 0.406706 0.007921 0.052808
1 0.362747 0.430176 0.021783 0.017603
1 0.345915 0.409640 0.011882 0.016430
1 0.553516 0.511149 0.007260 0.017603
1 0.524801 0.521123 0.013200 0.018776
1 0.784880 0.699497 0.019802 0.021123
1 0.790820 0.717100 0.013203 0.021123
1 0.766729 0.715339 0.013865 0.022297
1 0.787852 0.905448 0.011224 0.022297
0 0.220166 0.420201 0.009902 0.018777
0 0.207294 0.433110 0.023764 0.016429
0 0.182210 0.429002 0.009241 0.017603
2 0.259772 0.457754 0.021783 0.018776
