1 0.817885 0.289942 0.010562 0.018776
1 0.809305 0.292875 0.017161 0.015256
1 0.823826 0.320453 0.011880 0.046941
1 0.792471 0.316345 0.015182 0.045767
1 0.620188 0.912489 0.016500 0.019950
1 0.563089 0.497653 0.006604 0.018776
1 0.541964 0.507628 0.010562 0.015256
1 0.548565 0.653144 0.013203 0.015256
1 0.535362 0.645515 0.007922 0.021123
0 0.559128 0.592120 0.009245 0.022296
0 0.527112 0.575105 0.009901 0.016430
0 0.536685 0.592121 0.018484 0.017603
0 0.102338 0.607963 0.015843 0.016430
0 0.485856 0.684241 0.009241 0.018777
0 0.467043 0.694803 0.011222 0.018776
1 0.572000 0.377955 0.019146 0.016429
