1 0.873664 0.193714 0.009901 0.014081
1 0.865411 0.198408 0.019802 0.016429
1 0.861122 0.254736 0.021786 0.016430
1 0.896437 0.267058 0.009240 0.048114
1 0.877294 0.230679 0.007922 0.036379
1 0.864753 0.225986 0.013203 0.036379
1 0.822836 0.253563 0.008578 0.046941
1 0.959807 0.331601 0.023760 0.012908
1 0.962448 0.348030 0.019802 0.017603
1 0.940005 0.337469 0.010562 0.019950
1 0.732732 0.264711 0.013203 0.017602
1 0.801383 0.282314 0.011880 0.015256
1 0.790492 0.270579 0.015182 0.017602
0 0.562758 0.576865 0.008578 0.017603
0 0.537013 0.556915 0.011224 0.015256
0 0.541635 0.573931 0.012542 0.016429
0 0.106629 0.445431 0.013862 0.015256
0 0.090456 0.437804 0.013202 0.014082
0 0.084185 0.450125 0.009902 0.017603
2 0.638997 0.284074 0.017161 0.016430
