1 0.726792 0.284074 0.010562 0.016430
1 0.719531 0.287595 0.018479 0.014082
1 0.717219 0.345097 0.017823 0.014082
2 0.749896 0.346270 0.009240 0.051634
2 0.730091 0.318693 0.007922 0.034031
2 0.721182 0.315172 0.011219 0.041072
2 0.681904 0.335708 0.007922 0.049287
1 0.532724 0.525231 0.010562 0.015256
1 0.505659 0.526991 0.010561 0.016430
1 0.939674 0.641408 0.012547 0.022297
1 0.934724 0.659011 0.014521 0.019949
1 0.913271 0.661944 0.011219 0.018776
1 0.796102 0.748197 0.011880 0.019950
1 0.775638 0.724141 0.011880 0.018776
1 0.774979 0.745264 0.013198 0.023470
0 0.008274 0.621458 0.013862 0.017602
0 0.223136 0.548114 0.011882 0.016430
0 0.229407 0.558675 0.008581 0.018777
0 0.211585 0.560436 0.013862 0.017603
0 0.489157 0.549288 0.011882 0.014082
0 0.469684 0.556329 0.009902 0.016430
2 0.508299 0.375608 0.017162 0.016429
