0 0.440639 0.641408 0.009902 0.022297
0 0.413905 0.663705 0.023764 0.024644
0 0.414565 0.378542 0.019803 0.015256
0 0.418196 0.396731 0.012542 0.018777
0 0.397403 0.386169 0.010561 0.018776
0 0.612596 0.444258 0.011880 0.017603
0 0.621508 0.457167 0.009901 0.019950
0 0.597742 0.459514 0.015182 0.019950
1 0.481895 0.541660 0.022444 0.012908
1 0.506649 0.558675 0.009902 0.016429
1 0.479255 0.558089 0.022443 0.019950
1 0.669034 0.627913 0.009901 0.023470
1 0.700388 0.654317 0.013203 0.017602
1 0.777289 0.677787 0.021786 0.019950
1 0.785542 0.697150 0.014521 0.021123
1 0.760456 0.692456 0.013203 0.025817
1 0.735044 0.624392 0.011224 0.021123
2 0.246900 0.437217 0.022443 0.019949
1 0.511930 0.348617 0.007261 0.042247
1 0.525130 0.356832 0.007260 0.039899
1 0.549885 0.394971 0.005281 0.050460
1 0.465393 0.386756 0.007921 0.050461
1 0.511269 0.319279 0.020462 0.016429
1 0.508629 0.386169 0.021783 0.018776
