1 0.598732 0.293462 0.011880 0.016430
1 0.588833 0.298743 0.019802 0.017603
1 0.586852 0.366220 0.021120 0.018777
1 0.627117 0.377368 0.009245 0.052808
1 0.590482 0.328668 0.011224 0.042246
1 0.543945 0.367394 0.007922 0.053981
1 0.701708 0.461274 0.021125 0.016430
1 0.723161 0.449539 0.008583 0.021123
1 0.530742 0.329254 0.006599 0.017603
1 0.556156 0.335708 0.013865 0.016430
1 0.758148 0.482984 0.009901 0.017603
1 0.768049 0.502934 0.015182 0.017603
1 0.750227 0.492959 0.005943 0.023470
1 0.799404 0.694216 0.010557 0.017603
1 0.792474 0.714166 0.017823 0.019950
1 0.769370 0.709472 0.011219 0.019949
0 0.417866 0.360352 0.013202 0.016429
0 0.401693 0.349791 0.015182 0.018776
0 0.395092 0.363286 0.009902 0.017603
0 0.380900 0.637888 0.010561 0.019949
2 0.333043 0.411400 0.021783 0.017602
