1 0.651542 0.310478 0.009240 0.012908
1 0.643620 0.312825 0.018479 0.017603
1 0.641638 0.371501 0.018484 0.015256
2 0.643951 0.341576 0.011224 0.039899
2 0.654841 0.347444 0.009245 0.035206
2 0.676625 0.378542 0.009240 0.050461
2 0.603023 0.369154 0.008578 0.052807
1 0.704349 0.477117 0.022448 0.015256
1 0.690815 0.452473 0.009901 0.015256
1 0.684878 0.466555 0.009901 0.022297
1 0.435358 0.501174 0.012542 0.016429
1 0.408294 0.490025 0.009901 0.019950
1 0.760456 0.629086 0.013203 0.016430
1 0.741977 0.622045 0.007922 0.021123
1 0.725802 0.746437 0.016500 0.018776
1 0.710951 0.734115 0.007922 0.022297
0 0.668703 0.470075 0.011885 0.017603
0 0.653852 0.457753 0.008578 0.021123
0 0.746266 0.387343 0.012542 0.016429
0 0.735706 0.377955 0.009901 0.011735
0 0.728773 0.387930 0.007922 0.022296
2 0.418526 0.407293 0.019803 0.016430
