1 0.806995 0.282900 0.008583 0.016429
1 0.799073 0.286421 0.017823 0.016430
1 0.814586 0.316346 0.011880 0.048114
1 0.782240 0.312825 0.015844 0.048114
1 0.797753 0.306958 0.005943 0.024644
1 0.571669 0.526991 0.009245 0.016430
1 0.598401 0.530511 0.012542 0.016430
1 0.807326 0.669572 0.011880 0.019950
1 0.787523 0.671332 0.013203 0.018776
1 0.834716 0.830344 0.015182 0.015256
1 0.812604 0.821542 0.010562 0.018776
0 0.094087 0.607376 0.015182 0.017603
0 0.459782 0.825650 0.013862 0.017603
0 0.441959 0.809806 0.008581 0.023470
0 0.513910 0.567477 0.012542 0.017602
1 0.538336 0.376781 0.020464 0.014081
