0 0.548896 0.528751 0.008583 0.019950
0 0.569029 0.549287 0.022443 0.021123
0 0.372649 0.587426 0.024424 0.017603
0 0.358457 0.589187 0.009242 0.023470
0 0.504669 0.579799 0.007261 0.021123
0 0.484866 0.595641 0.016503 0.017603
1 0.572659 0.475356 0.020464 0.014082
1 0.546255 0.485331 0.012542 0.022297
1 0.646260 0.533445 0.014521 0.022297
1 0.611273 0.532858 0.011880 0.018776
1 0.850891 0.689522 0.019802 0.022297
1 0.858482 0.711232 0.015182 0.021123
1 0.832078 0.703018 0.016500 0.023470
1 0.485196 0.366806 0.018483 0.015256
1 0.500378 0.379715 0.011882 0.022297
1 0.480245 0.383822 0.011221 0.018776
2 0.317530 0.436044 0.025084 0.017603
1 0.535031 0.402599 0.007260 0.028164
1 0.581570 0.366806 0.005276 0.024644
1 0.594443 0.359766 0.008583 0.031685
1 0.619195 0.413747 0.006599 0.026991
1 0.580909 0.322213 0.018484 0.015256
1 0.578602 0.390277 0.020464 0.019950
