1 0.672003 0.228919 0.007922 0.014082
1 0.664083 0.233613 0.015844 0.016430
1 0.679924 0.263537 0.011880 0.052808
1 0.645599 0.260017 0.014521 0.050460
1 0.720190 0.392624 0.011880 0.017603
1 0.699068 0.380889 0.019802 0.015256
1 0.694448 0.394971 0.017167 0.017603
1 0.463412 0.693629 0.014522 0.018777
1 0.730753 0.670746 0.015839 0.017603
1 0.861122 0.694803 0.015182 0.018776
1 0.838677 0.685415 0.012542 0.023470
0 0.372979 0.538726 0.007921 0.025817
0 0.391792 0.559849 0.020463 0.016430
0 0.607315 0.512322 0.006599 0.017603
0 0.590151 0.529925 0.014521 0.015256
1 0.410275 0.335708 0.020463 0.016430
1 0.661773 0.255323 0.004620 0.029337
