0 0.462753 0.501174 0.017162 0.014082
0 0.465063 0.518189 0.015182 0.012908
0 0.446580 0.506454 0.005941 0.019949
2 0.714250 0.704778 0.009240 0.019950
1 0.312580 0.507041 0.012542 0.011735
1 0.081545 0.501174 0.011222 0.014082
1 0.065043 0.492372 0.015182 0.012909
1 0.060752 0.507041 0.013202 0.016429
0 0.047220 0.563370 0.012542 0.021123
0 0.019496 0.582146 0.020463 0.016429
1 0.748906 0.744090 0.019146 0.018777
1 0.718870 0.734702 0.010562 0.023470
0 0.202013 0.552221 0.013202 0.015256
0 0.180230 0.545767 0.010561 0.018776
1 0.525133 0.225398 0.016505 0.011735
1 0.251190 0.336295 0.020463 0.012909
1 0.541966 0.254737 0.013203 0.051634
1 0.507969 0.254150 0.011222 0.050460
1 0.524141 0.243588 0.005281 0.029337
