1 0.735044 0.629086 0.011224 0.016430
1 0.740987 0.654317 0.015182 0.017602
1 0.763430 0.648449 0.009901 0.019950
1 0.795773 0.666638 0.021786 0.021123
1 0.800724 0.684241 0.014521 0.018777
1 0.775641 0.681307 0.014521 0.022296
1 0.535365 0.298156 0.009240 0.016429
1 0.526782 0.303437 0.019802 0.017602
1 0.524142 0.373847 0.021123 0.015256
1 0.540315 0.342750 0.008578 0.039899
1 0.527443 0.335708 0.011885 0.046941
1 0.565396 0.383236 0.007260 0.055155
1 0.480245 0.373261 0.008581 0.051634
1 0.527112 0.526991 0.008578 0.016430
1 0.504339 0.514669 0.021123 0.010562
1 0.503679 0.531685 0.021123 0.021123
1 0.730091 0.605029 0.011880 0.019949
1 0.694776 0.596815 0.012542 0.019950
0 0.462752 0.607376 0.007921 0.026991
0 0.437999 0.632606 0.023104 0.018776
0 0.643948 0.660184 0.012542 0.017603
0 0.637018 0.678374 0.015839 0.018777
0 0.613255 0.679547 0.010562 0.021123
2 0.261752 0.423135 0.020463 0.017603
