1 0.816896 0.284661 0.009906 0.012908
1 0.808646 0.288768 0.014521 0.016429
1 0.824156 0.317519 0.012542 0.045767
1 0.791810 0.312825 0.015182 0.050461
1 0.650880 0.962949 0.018479 0.026991
1 0.620846 0.961773 0.017818 0.026991
1 0.575628 0.747024 0.007922 0.019950
1 0.550216 0.734116 0.009901 0.015256
1 0.555826 0.754065 0.011880 0.019950
0 0.511271 0.739396 0.019145 0.021123
0 0.490147 0.732942 0.015182 0.017603
0 0.484536 0.747024 0.014522 0.022296
0 0.102998 0.606202 0.014522 0.017603
0 0.457472 0.691869 0.011882 0.015256
0 0.454832 0.708298 0.011882 0.015256
0 0.433708 0.714166 0.010562 0.019950
1 0.603685 0.371501 0.020464 0.015256
1 0.807656 0.308718 0.007260 0.028164
