1 0.676956 0.237720 0.009901 0.015256
1 0.668375 0.241828 0.017823 0.018776
1 0.685206 0.273513 0.010557 0.056329
1 0.650880 0.269406 0.014521 0.050461
1 0.723820 0.400252 0.009901 0.018776
1 0.702698 0.390863 0.019146 0.014082
1 0.699068 0.404945 0.019802 0.018776
1 0.440969 0.466555 0.007921 0.019949
1 0.417866 0.477116 0.013202 0.017603
1 0.495757 0.653143 0.010561 0.019949
1 0.470343 0.633780 0.013862 0.016429
1 0.474634 0.655490 0.014522 0.017603
0 0.410274 0.546941 0.008581 0.023470
0 0.394102 0.567477 0.021123 0.017602
0 0.603682 0.528751 0.012542 0.017603
0 0.579919 0.533445 0.009901 0.019949
1 0.386181 0.348030 0.019803 0.017603
