0 0.631409 0.521123 0.004620 0.018776
0 0.613255 0.535205 0.014521 0.016429
1 0.885547 0.705364 0.012542 0.014082
1 0.863432 0.694803 0.011885 0.016430
1 0.463083 0.671919 0.011221 0.015256
1 0.431068 0.672506 0.011882 0.016429
1 0.798414 0.633193 0.011224 0.017603
1 0.782901 0.616764 0.015844 0.017603
1 0.777620 0.633194 0.010562 0.019950
2 0.398393 0.539312 0.007261 0.024644
0 0.415885 0.556329 0.018482 0.016430
1 0.793461 0.534032 0.018484 0.016429
1 0.771018 0.509975 0.006599 0.026991
0 0.173629 0.865549 0.015842 0.019949
0 0.133033 0.857921 0.012542 0.021123
1 0.687846 0.240067 0.017161 0.012908
1 0.382220 0.338056 0.017163 0.023470
1 0.704680 0.271166 0.008578 0.053981
1 0.669362 0.266471 0.013203 0.049287
