1 0.669362 0.235374 0.007922 0.012908
1 0.659792 0.238894 0.019146 0.017603
1 0.676956 0.272339 0.013859 0.056328
1 0.642630 0.265885 0.013865 0.052808
1 0.656161 0.379128 0.021125 0.014082
1 0.655500 0.393211 0.019802 0.018777
1 0.466713 0.497066 0.009242 0.015256
1 0.737023 0.414920 0.008578 0.019950
1 0.726133 0.408466 0.021120 0.014082
1 0.724154 0.421962 0.013203 0.017603
1 0.835047 0.693043 0.010562 0.019950
1 0.859474 0.701257 0.014521 0.017603
0 0.389151 0.566304 0.019143 0.015256
0 0.369348 0.546941 0.008581 0.023470
0 0.603685 0.531098 0.011224 0.019950
0 0.577609 0.507041 0.010563 0.014082
0 0.580909 0.526991 0.011880 0.018776
1 0.400043 0.343337 0.019803 0.017603
