1 0.536685 0.336882 0.011880 0.018777
1 0.526123 0.340989 0.018484 0.015256
1 0.524802 0.409640 0.021124 0.016430
1 0.526781 0.376195 0.014521 0.055155
1 0.540977 0.379128 0.009901 0.039899
1 0.565727 0.417854 0.007922 0.051634
1 0.480575 0.411400 0.009241 0.057502
1 0.460772 0.436630 0.014522 0.021123
1 0.430738 0.434283 0.015182 0.018776
1 0.584211 0.525231 0.009245 0.019950
1 0.554177 0.536379 0.013865 0.018776
1 0.791482 0.704777 0.019807 0.017603
1 0.797753 0.721206 0.013859 0.022296
1 0.773659 0.718273 0.011880 0.023470
1 0.746594 0.691282 0.010562 0.018776
1 0.715570 0.704777 0.009245 0.024644
1 0.737685 0.711819 0.016505 0.019950
0 0.451201 0.376781 0.015182 0.018776
0 0.456152 0.390863 0.017162 0.018777
2 0.262082 0.460101 0.021123 0.018776
