0 0.582891 0.515256 0.022448 0.018776
0 0.505659 0.565717 0.009242 0.023470
0 0.486186 0.581559 0.017823 0.019950
2 0.764089 0.657250 0.016500 0.023469
2 0.733065 0.641995 0.015182 0.025818
2 0.762768 0.635540 0.021786 0.017603
1 0.691146 0.507628 0.014521 0.019950
1 0.658802 0.499413 0.009240 0.019950
1 0.852211 0.674853 0.021120 0.018776
1 0.859143 0.693629 0.015182 0.021123
1 0.833727 0.689522 0.013203 0.022297
1 0.499388 0.432523 0.012542 0.019950
1 0.486846 0.450713 0.013862 0.018777
2 0.320831 0.424895 0.023764 0.018776
1 0.582560 0.359179 0.005943 0.009389
1 0.596753 0.349791 0.010557 0.042246
1 0.582232 0.309305 0.017161 0.015256
1 0.579591 0.380302 0.023766 0.018776
0 0.563417 0.493546 0.008583 0.019949
