1 0.525791 0.307544 0.011220 0.016430
1 0.516221 0.311652 0.018484 0.015256
1 0.514240 0.380889 0.021123 0.015256
1 0.517541 0.342750 0.014522 0.053981
1 0.531073 0.351551 0.008583 0.041072
1 0.556156 0.387343 0.007260 0.053981
1 0.470343 0.380888 0.007261 0.052808
1 0.476945 0.559262 0.012542 0.019950
1 0.452521 0.542246 0.021783 0.016430
1 0.448230 0.558088 0.022443 0.017603
1 0.701047 0.747024 0.009240 0.024644
1 0.669365 0.757586 0.014521 0.019949
1 0.784221 0.673093 0.019807 0.019950
1 0.789833 0.689522 0.012542 0.022297
1 0.765406 0.687175 0.012542 0.019950
1 0.752867 0.654317 0.009901 0.019950
1 0.723492 0.636127 0.015839 0.016429
1 0.730422 0.660184 0.013865 0.019950
0 0.452851 0.615591 0.010561 0.029337
0 0.428097 0.639648 0.024423 0.021123
0 0.319841 0.781642 0.009902 0.021123
0 0.295747 0.799832 0.017162 0.019949
0 0.627117 0.677200 0.009245 0.016430
0 0.622167 0.697737 0.013865 0.017603
0 0.597083 0.698910 0.011219 0.019950
2 0.251521 0.430176 0.021123 0.019950
