0 0.162737 0.760519 0.019143 0.025817
0 0.185510 0.769907 0.023764 0.023470
0 0.155146 0.779295 0.017163 0.025817
0 0.239639 0.727075 0.014522 0.017603
0 0.584542 0.431350 0.013865 0.015256
0 0.564406 0.423722 0.010562 0.021123
0 0.578599 0.413747 0.016500 0.022296
0 0.619195 0.435457 0.009245 0.016429
0 0.614245 0.451886 0.013865 0.016430
0 0.592130 0.451886 0.010562 0.018776
1 0.549555 0.497066 0.013859 0.019949
1 0.486516 0.775775 0.007921 0.018776
1 0.494437 0.801005 0.014522 0.017603
1 0.808646 0.278793 0.019802 0.017603
