0 0.311920 0.801592 0.012542 0.025818
0 0.329742 0.815087 0.027064 0.024644
0 0.303668 0.668986 0.011882 0.021123
0 0.340304 0.681894 0.013862 0.023470
0 0.376940 0.292875 0.013202 0.017603
0 0.383541 0.308131 0.010561 0.019949
0 0.364067 0.304024 0.013862 0.016429
0 0.046890 0.585080 0.014522 0.022296
0 0.037318 0.605616 0.019143 0.018776
0 0.015205 0.602682 0.009241 0.017603
1 0.875315 0.602682 0.021120 0.026991
1 0.902708 0.622632 0.019146 0.022297
1 0.868385 0.621458 0.017823 0.026991
1 0.652201 0.469488 0.013203 0.021123
1 0.934393 0.252976 0.021786 0.015256
