0 0.311920 0.803352 0.011222 0.029338
0 0.333703 0.807460 0.024424 0.021123
0 0.337003 0.829169 0.024423 0.022296
0 0.301688 0.660771 0.013202 0.021123
0 0.338654 0.674853 0.014522 0.021123
0 0.186831 0.255910 0.011882 0.016429
0 0.174289 0.268231 0.018483 0.019950
0 0.193762 0.268819 0.009902 0.018776
1 0.882576 0.653730 0.022443 0.023470
1 0.859474 0.625566 0.014521 0.025817
1 0.851880 0.640821 0.012542 0.025817
1 0.656823 0.470662 0.014521 0.018776
1 0.925812 0.250629 0.020458 0.017603
