0 0.198052 0.750544 0.018483 0.024644
0 0.221816 0.758759 0.022444 0.024644
0 0.191452 0.768734 0.015843 0.025818
0 0.294757 0.707711 0.017822 0.023470
0 0.258782 0.695389 0.013202 0.019949
0 0.609625 0.430763 0.012542 0.018776
0 0.603685 0.457167 0.011224 0.017603
1 0.912281 0.626739 0.010562 0.016429
1 0.920531 0.658424 0.024427 0.023470
1 0.953206 0.653143 0.017161 0.024644
1 0.590482 0.488265 0.011224 0.021123
1 0.652531 0.720033 0.009906 0.019950
1 0.663422 0.742917 0.015844 0.016430
1 0.683885 0.734115 0.006604 0.019949
1 0.834060 0.266472 0.015182 0.021123
