2 0.859802 0.368567 0.017823 0.023470
2 0.886208 0.378542 0.017823 0.022296
2 0.854190 0.388516 0.017161 0.021123
0 0.267033 0.482984 0.021783 0.012908
0 0.268353 0.501174 0.016502 0.016429
0 0.250861 0.491199 0.007921 0.017603
1 0.708638 0.612657 0.015182 0.021123
1 0.735042 0.624392 0.023104 0.021123
1 0.697747 0.628500 0.014526 0.022297
1 0.566719 0.701257 0.005937 0.022297
1 0.530742 0.712406 0.017161 0.016430
1 0.596094 0.356831 0.019802 0.018776
1 0.616885 0.367394 0.012542 0.018776
1 0.588831 0.376781 0.013203 0.021123
0 0.380570 0.517016 0.011221 0.026991
0 0.226767 0.602682 0.019143 0.071584
0 0.201683 0.602682 0.008582 0.059849
0 0.174949 0.612657 0.015843 0.075105
