2 0.851552 0.251216 0.019802 0.023470
2 0.880596 0.261777 0.018484 0.021123
2 0.845612 0.271166 0.018484 0.023470
0 0.541966 0.224812 0.022443 0.024644
0 0.562427 0.238307 0.014521 0.016429
0 0.535365 0.245349 0.015844 0.021123
1 0.536023 0.698910 0.011880 0.022296
1 0.502689 0.697150 0.024424 0.021123
1 0.498068 0.718273 0.025744 0.021123
1 0.764089 0.707125 0.017823 0.022297
2 0.326772 0.419028 0.011882 0.030511
0 0.193432 0.562783 0.009242 0.078625
0 0.125442 0.515256 0.019803 0.068063
0 0.104648 0.527578 0.011222 0.057502
0 0.070653 0.585666 0.013202 0.075105
