1 0.343934 0.736463 0.006601 0.017603
1 0.318191 0.758172 0.015843 0.016430
1 0.815576 0.518776 0.013859 0.018776
1 0.801385 0.500587 0.010562 0.017603
1 0.791813 0.511149 0.007260 0.017603
0 0.108939 0.526404 0.022444 0.019950
0 0.111580 0.545180 0.023764 0.022297
0 0.087156 0.526404 0.011882 0.022297
0 0.058772 0.481811 0.011882 0.022297
0 0.383871 0.348617 0.011221 0.018777
0 0.377270 0.336882 0.012542 0.018777
0 0.361757 0.351551 0.013202 0.019950
0 0.006294 0.591534 0.017823 0.018777
0 0.011244 0.609723 0.017163 0.022296
