1 0.534703 0.725314 0.007917 0.023470
1 0.503018 0.739396 0.014522 0.021123
1 0.763430 0.705951 0.015182 0.019950
1 0.746266 0.682481 0.012542 0.022297
1 0.736693 0.697150 0.009240 0.018776
0 0.021806 0.437217 0.014522 0.022297
0 0.012895 0.458340 0.020463 0.024644
0 0.126762 0.376781 0.014522 0.018776
0 0.090126 0.383823 0.013862 0.021123
0 0.894458 0.410813 0.010562 0.018776
0 0.880266 0.429002 0.016500 0.017603
0 0.265383 0.664291 0.014522 0.021123
0 0.239309 0.668399 0.013862 0.017603
