0 0.544273 0.624979 0.029703 0.022296
0 0.259772 0.605029 0.021783 0.085666
0 0.230067 0.603269 0.009902 0.061023
0 0.198713 0.616764 0.018483 0.090360
0 0.322811 0.403772 0.013202 0.023470
0 0.296407 0.413161 0.017162 0.021123
0 0.431398 0.831517 0.023104 0.024644
0 0.406974 0.813327 0.011222 0.025818
0 0.409945 0.263537 0.007921 0.022297
0 0.387501 0.265885 0.025084 0.017603
0 0.386841 0.290528 0.025084 0.019949
2 0.272974 0.638474 0.009902 0.023470
1 0.355156 0.588013 0.014522 0.021123
1 0.306639 0.579212 0.013862 0.024644
