1 0.939674 0.250629 0.020464 0.015256
1 0.665404 0.478290 0.017161 0.015256
1 0.668044 0.495306 0.018484 0.018777
1 0.644281 0.481811 0.010562 0.022297
1 0.601372 0.440738 0.011880 0.017603
1 0.852542 0.718273 0.012542 0.018776
1 0.861122 0.747024 0.013859 0.015256
1 0.883237 0.437217 0.011880 0.012908
1 0.865745 0.423722 0.012542 0.016429
1 0.858812 0.438391 0.009240 0.017602
0 0.254821 0.683068 0.021123 0.023470
0 0.231718 0.673680 0.013202 0.018776
0 0.223466 0.690696 0.015182 0.017603
0 0.308289 0.661358 0.013202 0.022297
0 0.274624 0.659597 0.010561 0.023470
0 0.375949 0.342163 0.013862 0.015256
0 0.381890 0.356245 0.009902 0.022297
0 0.361427 0.358592 0.011222 0.019949
0 0.136663 0.715339 0.011882 0.019950
0 0.128082 0.739983 0.015842 0.019949
