2 0.742635 0.377955 0.014521 0.046941
0 0.436018 0.422548 0.020463 0.028165
0 0.454501 0.438391 0.037626 0.038726
0 0.458792 0.572758 0.036966 0.028164
0 0.452521 0.519950 0.011222 0.039899
0 0.424797 0.514082 0.011222 0.082145
0 0.376279 0.620285 0.010562 0.052808
0 0.529422 0.716512 0.014521 0.031684
2 0.460772 0.715926 0.017162 0.030511
2 0.488166 0.749957 0.023104 0.023470
1 0.517541 0.498240 0.009241 0.026991
1 0.493777 0.523470 0.013202 0.021123
1 0.514239 0.384996 0.023761 0.030511
1 0.560117 0.339229 0.008578 0.030511
2 0.446910 0.738223 0.010562 0.032858
