0 0.598732 0.791031 0.017161 0.025817
0 0.564737 0.656077 0.025745 0.021123
0 0.544604 0.664878 0.009240 0.024644
1 0.759138 0.821542 0.017161 0.028164
1 0.716562 0.812154 0.023104 0.030511
1 0.522492 0.603269 0.009902 0.016429
1 0.347895 0.718273 0.026404 0.023470
1 0.319181 0.734702 0.016503 0.023470
1 0.355816 0.744090 0.015842 0.023470
1 0.486846 0.528164 0.008581 0.023470
2 0.616227 0.417854 0.013859 0.037553
0 0.477275 0.559849 0.007921 0.072757
0 0.409284 0.505868 0.015843 0.068063
0 0.389481 0.518776 0.010561 0.056329
0 0.353506 0.577451 0.009902 0.075105
