2 0.995781 0.343336 0.012542 0.026991
0 0.323802 0.533445 0.019143 0.024644
0 0.334363 0.555155 0.011222 0.025818
0 0.299048 0.558675 0.018483 0.023469
1 0.792802 0.649036 0.014521 0.028164
1 0.821849 0.674853 0.030365 0.023470
1 0.780591 0.663118 0.008578 0.035205
1 0.619195 0.735289 0.018484 0.026991
1 0.567708 0.717099 0.010563 0.023470
1 0.657482 0.303437 0.023766 0.019950
1 0.685867 0.318106 0.013203 0.025818
1 0.650221 0.326320 0.017161 0.025817
2 0.375949 0.512909 0.013862 0.039899
0 0.175609 0.623805 0.023764 0.090360
0 0.138973 0.624392 0.015182 0.079799
0 0.102008 0.636714 0.020463 0.097402
