0 0.188151 0.411400 0.015843 0.019950
0 0.162407 0.436044 0.033005 0.024644
0 0.684875 0.721794 0.023104 0.028165
0 0.633391 0.715926 0.017823 0.028165
0 0.450211 0.272339 0.014522 0.016430
0 0.434698 0.298743 0.019143 0.022297
0 0.241619 0.537552 0.017162 0.021123
0 0.226767 0.568650 0.020463 0.026991
0 0.194422 0.562196 0.011222 0.023470
1 0.623484 0.234787 0.017823 0.021123
1 0.588169 0.232439 0.007922 0.021123
1 0.367698 0.695976 0.018483 0.025818
1 0.389152 0.671332 0.015182 0.025817
1 0.459452 0.715926 0.015843 0.021124
1 0.465063 0.749371 0.017822 0.024644
1 0.501698 0.751718 0.014522 0.024644
