1 0.865414 0.737049 0.022443 0.016430
1 0.835049 0.719446 0.013203 0.025817
1 0.686857 0.693043 0.013859 0.019950
1 0.651870 0.683068 0.008583 0.021123
1 0.707979 0.798072 0.011219 0.021123
1 0.676297 0.775775 0.012542 0.021123
1 0.683885 0.805113 0.015844 0.018776
0 0.162737 0.458927 0.015182 0.021123
0 0.169668 0.473596 0.014522 0.026991
0 0.137323 0.470662 0.021123 0.023470
0 0.198713 0.336882 0.010561 0.021123
0 0.166698 0.360939 0.015182 0.019950
0 0.268683 0.300503 0.007921 0.018777
0 0.250200 0.309304 0.015842 0.017603
0 0.252841 0.290528 0.019803 0.017603
0 0.110920 0.534031 0.011882 0.018776
0 0.118841 0.547527 0.010561 0.019949
0 0.094417 0.552808 0.015842 0.018777
