1 0.735703 0.191954 0.033667 0.026991
1 0.393442 0.775188 0.029044 0.034031
1 0.338984 0.763453 0.025744 0.034032
1 0.313900 0.612657 0.019143 0.028164
1 0.376279 0.603269 0.017163 0.028164
1 0.720521 0.650210 0.013865 0.032858
1 0.680586 0.660771 0.022443 0.030511
1 0.670023 0.615004 0.017161 0.023470
0 0.496418 0.551048 0.019803 0.029338
0 0.430738 0.525817 0.019143 0.028164
0 0.224457 0.502347 0.019803 0.028164
0 0.213565 0.475356 0.028384 0.030511
0 0.183860 0.503520 0.021783 0.028165
0 0.786201 0.413160 0.017161 0.028165
0 0.747914 0.423135 0.022443 0.026991
