1 0.821516 0.325734 0.032344 0.022297
1 0.473974 0.928333 0.031685 0.028168
1 0.431398 0.906622 0.017822 0.036379
1 0.284856 0.705364 0.017823 0.028164
1 0.524141 0.270579 0.029042 0.019950
0 0.038969 0.493546 0.019803 0.024644
0 0.024116 0.525818 0.034985 0.030511
0 0.362417 0.758173 0.010561 0.032858
0 0.313570 0.772254 0.021123 0.025818
0 0.222806 0.578625 0.012542 0.025818
0 0.190791 0.592707 0.021123 0.023470
0 0.297067 0.375021 0.017163 0.024644
0 0.269013 0.356831 0.023104 0.023470
0 0.260102 0.380889 0.017162 0.026991
