2 0.785211 0.339229 0.013859 0.046940
0 0.588833 0.546354 0.010562 0.071583
0 0.467043 0.475356 0.012542 0.082145
0 0.417866 0.570411 0.011882 0.075105
1 0.595760 0.460688 0.017823 0.031684
1 0.662104 0.468902 0.019802 0.029338
2 0.578930 0.648449 0.021120 0.031685
2 0.563747 0.674266 0.011880 0.029338
2 0.607312 0.684241 0.025083 0.030512
1 0.326442 0.481811 0.027064 0.034032
1 0.335353 0.517016 0.017162 0.019950
1 0.289806 0.507041 0.019803 0.021123
1 0.245580 0.653143 0.021123 0.029338
1 0.234028 0.700084 0.023104 0.029338
1 0.188481 0.698910 0.013862 0.034031
0 0.727122 0.698324 0.025745 0.032858
0 0.676297 0.673093 0.012542 0.034031
0 0.495757 0.469489 0.017162 0.070411
