2 0.541966 0.371501 0.011880 0.038726
0 0.378260 0.565717 0.007921 0.042246
0 0.233368 0.588013 0.009902 0.037553
0 0.274294 0.491786 0.012542 0.068064
2 0.777289 0.873176 0.016505 0.025818
2 0.802375 0.907794 0.021781 0.026991
2 0.762768 0.895473 0.008578 0.025817
1 0.343934 0.440738 0.030365 0.019950
1 0.371989 0.446019 0.009902 0.025817
1 0.341294 0.468902 0.019803 0.024644
1 0.791813 0.537552 0.031021 0.025818
0 0.929443 0.327494 0.017167 0.023469
0 0.876964 0.320453 0.017823 0.025817
2 0.952544 0.366220 0.027724 0.032858
2 0.991823 0.370327 0.016500 0.029338
1 0.689497 0.708298 0.021786 0.024644
0 0.298718 0.496480 0.017823 0.042246
