2 0.549885 0.331015 0.013198 0.042246
0 0.370999 0.542246 0.007921 0.039900
0 0.211915 0.568650 0.010561 0.038726
0 0.256802 0.462448 0.010561 0.077451
2 0.806333 0.881977 0.017823 0.029338
2 0.833068 0.917771 0.025083 0.030514
2 0.790823 0.901927 0.010562 0.031684
1 0.364398 0.410813 0.009241 0.028164
1 0.335353 0.406706 0.031685 0.024644
1 0.332713 0.438391 0.021123 0.029337
1 0.917560 0.421375 0.022443 0.032858
1 0.864424 0.431350 0.029703 0.029338
0 0.613917 0.090445 0.021125 0.025818
1 0.719862 0.775188 0.016505 0.034031
1 0.699068 0.813914 0.023760 0.031685
0 0.284526 0.469489 0.015843 0.042246
