0 0.498068 0.767561 0.017823 0.021123
0 0.519522 0.585666 0.017165 0.025818
0 0.496747 0.612070 0.015182 0.015256
0 0.531073 0.604443 0.011219 0.016430
1 0.655503 0.810980 0.029047 0.025818
1 0.612594 0.789857 0.015844 0.028164
1 0.355486 0.417268 0.008581 0.026991
1 0.464733 0.355071 0.019803 0.019950
1 0.457802 0.375608 0.017822 0.018777
2 0.524802 0.405532 0.014522 0.036380
0 0.380240 0.553394 0.009242 0.080972
0 0.309609 0.501174 0.018482 0.072758
0 0.289146 0.511735 0.010561 0.061022
0 0.252180 0.573931 0.011882 0.079799
