1 0.750557 0.197234 0.019802 0.016430
1 0.706331 0.587426 0.013203 0.024644
1 0.681904 0.580386 0.017161 0.022297
1 0.677945 0.597988 0.019807 0.022296
1 0.625466 0.505868 0.011224 0.018776
1 0.591802 0.504694 0.009906 0.018777
1 0.839010 0.368567 0.010562 0.018776
1 0.829768 0.381475 0.007922 0.023469
1 0.853201 0.389103 0.013859 0.017603
0 0.416546 0.680134 0.011882 0.015256
0 0.410935 0.701844 0.019143 0.023470
0 0.381230 0.706538 0.016502 0.023470
0 0.966737 0.220705 0.009901 0.016430
0 0.998424 0.240067 0.009901 0.017603
