2 0.764089 0.377368 0.013865 0.048114
0 0.458462 0.424895 0.021783 0.028165
0 0.476615 0.439564 0.035646 0.034032
0 0.482226 0.573344 0.036305 0.029337
0 0.568370 0.595054 0.009240 0.058675
0 0.474964 0.509975 0.021783 0.073931
0 0.446910 0.514082 0.013202 0.084493
0 0.398723 0.614418 0.010561 0.057502
0 0.731083 0.693042 0.024427 0.029338
0 0.670023 0.682481 0.014526 0.034032
2 0.580578 0.741156 0.023104 0.026991
2 0.553846 0.701844 0.018484 0.030511
2 0.538995 0.727074 0.008583 0.031685
