2 0.526123 0.321039 0.014524 0.048114
0 0.221816 0.374434 0.021123 0.030511
0 0.240959 0.386756 0.038286 0.031685
0 0.246240 0.521710 0.038286 0.024644
0 0.333373 0.546354 0.009242 0.045767
0 0.239639 0.468315 0.013202 0.044594
0 0.211915 0.465381 0.011882 0.083319
0 0.821846 0.796311 0.010557 0.034031
0 0.767719 0.841492 0.025083 0.030511
2 0.829437 0.947106 0.024427 0.028157
2 0.802375 0.909555 0.016500 0.030512
2 0.785211 0.934200 0.008578 0.032860
1 0.543945 0.732942 0.015839 0.029338
1 0.499058 0.712993 0.014522 0.026991
1 0.238319 0.271752 0.013202 0.031684
1 0.182210 0.309305 0.022443 0.029337
