0 0.590482 0.684828 0.025745 0.019950
0 0.183530 0.649623 0.021123 0.078625
0 0.155806 0.647276 0.010561 0.057502
0 0.126762 0.660771 0.018483 0.089186
0 0.326112 0.413747 0.014522 0.019950
0 0.302348 0.404946 0.010561 0.021123
0 0.233038 0.717100 0.011882 0.016429
0 0.967398 0.460688 0.013859 0.019949
0 0.920862 0.477703 0.018484 0.021123
0 0.326772 0.327494 0.009242 0.021123
0 0.304328 0.326320 0.025084 0.016430
0 0.303668 0.350377 0.025084 0.019949
2 0.197392 0.679547 0.009241 0.023470
1 0.345255 0.694216 0.006601 0.024644
1 0.308619 0.724727 0.017823 0.024644
