1 0.242279 0.758759 0.015843 0.019950
1 0.272314 0.742330 0.008581 0.019950
1 0.831089 0.546354 0.011885 0.017602
1 0.809305 0.540486 0.010557 0.022296
0 0.133363 0.532271 0.017163 0.019950
0 0.139964 0.546940 0.019803 0.025818
0 0.109599 0.539312 0.018483 0.024644
0 0.092437 0.502934 0.014522 0.019949
0 0.060422 0.484158 0.011222 0.024644
0 0.334033 0.356245 0.015842 0.017603
0 0.318521 0.366220 0.011222 0.021123
0 0.337334 0.370913 0.013202 0.021123
0 0.014215 0.603856 0.009901 0.019950
0 0.001343 0.615591 0.015842 0.019950
