0 0.342944 0.304610 0.017823 0.026991
0 0.352846 0.325147 0.013862 0.021123
0 0.311590 0.323974 0.027724 0.028164
0 0.813924 0.648449 0.018484 0.022296
0 0.763758 0.640821 0.011880 0.025817
0 0.548234 0.426656 0.028385 0.017602
0 0.549555 0.453059 0.020464 0.023470
0 0.410935 0.453060 0.017822 0.028164
0 0.421166 0.476530 0.010561 0.021123
0 0.387831 0.479463 0.017823 0.024644
1 0.981922 0.155575 0.013865 0.019949
1 0.969711 0.170831 0.013203 0.026991
1 0.531732 0.391450 0.009901 0.026991
1 0.486846 0.419615 0.016503 0.026991
1 0.513250 0.695389 0.017823 0.024644
1 0.522822 0.725314 0.014523 0.021123
1 0.484206 0.724727 0.017823 0.024644
1 0.641969 0.541073 0.013865 0.023470
1 0.607643 0.548701 0.016505 0.022296
