0 0.192442 0.411400 0.009901 0.012909
0 0.178580 0.426069 0.019143 0.016429
0 0.157457 0.421375 0.007261 0.018776
0 0.424467 0.280553 0.011882 0.014082
0 0.395753 0.267058 0.008581 0.015256
0 0.107289 0.590947 0.009902 0.012908
0 0.101018 0.612070 0.013202 0.015256
0 0.079895 0.610897 0.010561 0.017603
0 0.192442 0.516429 0.009901 0.014082
0 0.173299 0.522883 0.012542 0.015256
1 0.797424 0.394384 0.017161 0.016430
1 0.778281 0.387343 0.010562 0.016429
1 0.771349 0.396144 0.009906 0.019950
1 0.678607 0.395558 0.013203 0.014082
1 0.748906 0.910142 0.012542 0.017603
1 0.838680 0.588013 0.019141 0.011735
1 0.841648 0.604443 0.013203 0.018776
1 0.821518 0.592707 0.009901 0.018776
