2 0.690159 0.406119 0.015182 0.046941
0 0.385521 0.454233 0.019803 0.028164
0 0.404994 0.466555 0.036305 0.034032
0 0.408954 0.601509 0.036306 0.024644
0 0.496417 0.626152 0.009241 0.043419
0 0.402023 0.552221 0.011882 0.036379
0 0.373969 0.539900 0.011221 0.082145
0 0.325782 0.650796 0.008581 0.048114
0 0.585531 0.714166 0.009240 0.034031
2 0.649560 0.802765 0.036964 0.032858
2 0.619854 0.815674 0.010562 0.030511
2 0.653521 0.839731 0.023760 0.031685
1 0.468693 0.525817 0.007921 0.025818
1 0.443610 0.553981 0.013202 0.025817
1 0.466713 0.390863 0.021123 0.028164
