0 0.757159 0.911316 0.033005 0.034034
0 0.148545 0.840905 0.027724 0.106789
0 0.110589 0.839731 0.008582 0.076278
0 0.069003 0.857334 0.020463 0.111483
0 0.871354 0.714166 0.021125 0.026991
0 0.833068 0.705364 0.018479 0.030512
0 0.322811 0.403185 0.033005 0.019950
0 0.327102 0.432523 0.032345 0.024644
0 0.291127 0.402012 0.013202 0.029338
1 0.390142 0.545767 0.017162 0.025818
1 0.358457 0.522297 0.023764 0.023469
1 0.348885 0.549875 0.016503 0.024644
1 0.929443 0.639648 0.009240 0.025818
1 0.883896 0.659598 0.023760 0.028164
