2 0.800065 0.370327 0.018484 0.019950
2 0.826138 0.376781 0.016505 0.018776
2 0.793461 0.388517 0.017161 0.018776
0 0.353176 0.342750 0.018483 0.014082
0 0.370668 0.352725 0.009902 0.017603
0 0.348555 0.360352 0.014522 0.018777
1 0.808643 0.508214 0.017161 0.021123
1 0.778609 0.505868 0.019146 0.018776
1 0.773661 0.524057 0.019802 0.017603
1 0.512590 0.743504 0.015182 0.019950
1 0.542297 0.360939 0.017823 0.017603
1 0.563419 0.370327 0.009901 0.019950
1 0.536023 0.379715 0.013203 0.017603
0 0.331062 0.519363 0.012542 0.026991
0 0.179570 0.605616 0.018483 0.072757
0 0.128412 0.615004 0.013862 0.072757
