0 0.364067 0.715339 0.013862 0.019950
0 0.333703 0.712406 0.009902 0.018776
0 0.265053 0.447192 0.012542 0.014082
0 0.246240 0.446606 0.007921 0.015256
0 0.071974 0.642581 0.011882 0.015256
0 0.059432 0.659597 0.014522 0.016430
1 0.789503 0.458340 0.011880 0.017603
1 0.811286 0.465968 0.015844 0.016429
1 0.783229 0.472423 0.012542 0.017603
1 0.656820 0.484744 0.011880 0.014081
1 0.814914 0.713579 0.009901 0.018776
1 0.831089 0.732355 0.014521 0.016429
1 0.806664 0.727075 0.009245 0.017603
1 0.966078 0.651970 0.011219 0.017603
1 0.957826 0.662531 0.007922 0.019950
