1 0.693458 0.196061 0.021781 0.016429
1 0.659464 0.670159 0.019802 0.023470
1 0.634378 0.660184 0.017161 0.022296
1 0.625469 0.677200 0.017823 0.028165
1 0.391132 0.422549 0.012542 0.021123
1 0.427107 0.433110 0.013202 0.016429
1 0.784552 0.404946 0.013865 0.021123
1 0.767057 0.385583 0.010563 0.024644
1 0.759138 0.397904 0.007922 0.021123
0 0.412255 0.745850 0.017822 0.024644
0 0.380900 0.754652 0.018483 0.023470
0 0.493777 0.477703 0.015843 0.018777
0 0.459122 0.461274 0.011222 0.023470
1 0.994464 0.139732 0.011219 0.039900
