1 0.897430 0.718860 0.020464 0.024644
1 0.866404 0.705364 0.015182 0.023469
1 0.427437 0.789857 0.016503 0.018776
1 0.391132 0.779882 0.008581 0.019950
1 0.782901 0.746437 0.007917 0.018776
0 0.101348 0.510562 0.009901 0.023469
0 0.078574 0.515256 0.019803 0.014081
0 0.077584 0.535205 0.023103 0.021123
0 0.459782 0.478290 0.008582 0.022296
0 0.426777 0.482397 0.012542 0.018776
0 0.209934 0.514082 0.010561 0.023470
0 0.187821 0.521710 0.015182 0.017603
0 0.180560 0.497066 0.011222 0.019949
