0 0.563747 0.805113 0.017161 0.028164
0 0.567049 0.654317 0.023766 0.026991
0 0.573320 0.679547 0.016505 0.021123
0 0.543286 0.670746 0.014521 0.024644
1 0.794453 0.808633 0.019146 0.030511
1 0.746596 0.805113 0.026401 0.028164
1 0.572661 0.621458 0.017823 0.019950
1 0.525461 0.603269 0.011880 0.021123
1 0.365718 0.778709 0.011882 0.024644
1 0.486516 0.546940 0.013202 0.021123
1 0.456482 0.523470 0.012542 0.023470
2 0.619195 0.418441 0.013203 0.034031
0 0.479585 0.559262 0.007261 0.073931
0 0.412255 0.508801 0.011221 0.062195
0 0.356807 0.577451 0.011221 0.075105
0 0.392782 0.518776 0.010561 0.058676
