2 0.604016 0.370327 0.014521 0.017603
2 0.628107 0.376194 0.016505 0.015256
2 0.598404 0.387930 0.016505 0.019950
0 0.151516 0.844425 0.015182 0.019949
0 0.124451 0.840318 0.013862 0.023469
1 0.828448 0.761106 0.015844 0.022297
1 0.800396 0.772841 0.017823 0.022297
1 0.692135 0.802765 0.012542 0.021123
1 0.726130 0.209556 0.010562 0.012908
1 0.712930 0.225985 0.013203 0.015256
1 0.989513 0.784576 0.013203 0.017603
1 0.974990 0.807460 0.015844 0.014082
2 0.174619 0.524644 0.013862 0.025818
0 0.058771 0.644929 0.010561 0.064543
0 0.005633 0.611483 0.011222 0.058676
