2 0.786531 0.337469 0.016500 0.045767
0 0.479255 0.383236 0.022443 0.031684
0 0.498398 0.399078 0.038285 0.035206
0 0.502689 0.533445 0.038946 0.026991
0 0.589820 0.547527 0.009901 0.071584
0 0.496088 0.468902 0.021783 0.071584
0 0.468693 0.472422 0.013202 0.080972
0 0.419186 0.573344 0.009242 0.069237
0 0.743294 0.641408 0.023766 0.031684
0 0.683557 0.627326 0.012542 0.029337
2 0.608305 0.683654 0.023099 0.029338
2 0.579260 0.649623 0.019146 0.031684
2 0.565068 0.674853 0.010562 0.030511
1 0.374959 0.498240 0.021123 0.026991
1 0.333703 0.487092 0.015182 0.030511
1 0.264392 0.681894 0.013862 0.028164
1 0.249540 0.729421 0.025084 0.029337
1 0.205974 0.721794 0.013202 0.035206
