1 0.855841 0.224225 0.034984 0.025817
1 0.860133 0.820369 0.018484 0.037552
1 0.846271 0.845599 0.015844 0.036379
1 0.898747 0.849706 0.029703 0.025818
1 0.576951 0.803939 0.017161 0.032858
1 0.513911 0.808046 0.017824 0.026991
1 0.709302 0.595054 0.012542 0.028164
1 0.657482 0.563956 0.015839 0.026991
1 0.672333 0.606789 0.021781 0.025818
0 0.316541 0.624392 0.015182 0.028164
0 0.288816 0.658424 0.036305 0.030511
0 0.519520 0.596815 0.018481 0.031685
0 0.451201 0.575692 0.020463 0.026991
0 0.295087 0.462448 0.018483 0.028164
0 0.307629 0.488852 0.014522 0.026991
0 0.266703 0.492372 0.021123 0.029337
0 0.236998 0.448365 0.011882 0.025818
0 0.223466 0.424895 0.019143 0.030511
0 0.195742 0.457754 0.024424 0.030511
