2 0.258782 0.690695 0.027724 0.034031
1 0.622167 0.671333 0.007260 0.056329
1 0.588500 0.559262 0.007260 0.029338
1 0.580581 0.568063 0.015182 0.082145
1 0.462422 0.636127 0.005941 0.053981
0 0.027087 0.902514 0.042246 0.028164
0 0.324461 0.600922 0.028384 0.023470
0 0.336673 0.632020 0.019803 0.029338
0 0.164717 0.989352 0.024423 0.028167
0 0.098047 0.965884 0.017823 0.035213
0 0.365058 0.555742 0.027724 0.024644
0 0.377930 0.583906 0.019143 0.026991
0 0.337994 0.581559 0.019803 0.026991
1 0.556818 0.568650 0.011219 0.050461
