1 0.861784 0.732942 0.024422 0.017603
1 0.836370 0.708885 0.009240 0.023470
1 0.702698 0.683655 0.008583 0.022296
1 0.669693 0.694802 0.013865 0.021123
1 0.709299 0.794551 0.011224 0.023470
1 0.677615 0.768734 0.013865 0.021123
1 0.684216 0.799832 0.015182 0.022297
0 0.221156 0.509388 0.019803 0.014081
0 0.241619 0.505281 0.009241 0.024644
0 0.221486 0.531098 0.024423 0.019950
0 0.169008 0.379715 0.014522 0.017603
0 0.134023 0.362700 0.010561 0.021123
0 0.238319 0.323387 0.010561 0.019949
0 0.222806 0.318106 0.019143 0.014082
0 0.220826 0.333949 0.015182 0.017603
0 0.077584 0.548114 0.023103 0.018776
0 0.081875 0.565717 0.017162 0.018776
0 0.061742 0.556915 0.008581 0.022297
