2 0.574310 0.342750 0.015839 0.016429
2 0.597081 0.346270 0.015182 0.016429
2 0.569688 0.360352 0.014521 0.018777
0 0.228087 0.225986 0.015182 0.017603
0 0.200363 0.221291 0.009902 0.017603
0 0.167028 0.312238 0.007921 0.018777
0 0.151846 0.321040 0.013202 0.015256
1 0.707648 0.545180 0.013203 0.022297
1 0.673323 0.533445 0.009240 0.015256
1 0.544276 0.482984 0.007260 0.022296
1 0.528761 0.480637 0.019801 0.017602
0 0.152506 0.494132 0.010561 0.028165
0 0.009924 0.576865 0.019803 0.062196
1 0.527112 0.498240 0.015182 0.019950
