1 0.886867 0.355072 0.025745 0.017603
1 0.788841 0.790444 0.015839 0.024644
1 0.581570 0.619698 0.014526 0.023470
1 0.537344 0.609137 0.011885 0.021123
1 0.814586 0.816848 0.026401 0.023470
1 0.694448 0.362699 0.014521 0.018776
1 0.672333 0.346857 0.017823 0.017603
1 0.664411 0.365046 0.012542 0.021124
0 0.164717 0.490025 0.013862 0.019950
0 0.152176 0.512908 0.024424 0.023470
0 0.119501 0.512909 0.017162 0.025818
0 0.650880 0.704191 0.011885 0.025817
0 0.605992 0.721794 0.017161 0.023470
0 0.359777 0.474183 0.013202 0.021123
0 0.367368 0.490612 0.009902 0.023470
0 0.343935 0.497653 0.015842 0.021123
