1 0.901388 0.717687 0.024422 0.017603
1 0.876966 0.694216 0.009901 0.026991
1 0.694448 0.708298 0.014521 0.017602
1 0.661112 0.698910 0.008578 0.022296
1 0.716891 0.789270 0.014521 0.019950
1 0.691807 0.779882 0.010562 0.019950
0 0.224127 0.514669 0.019143 0.017603
0 0.229407 0.534031 0.017823 0.023470
0 0.200363 0.518189 0.017823 0.024644
0 0.220496 0.436631 0.014522 0.016430
0 0.186831 0.415507 0.009242 0.021123
0 0.266043 0.319279 0.021123 0.016429
0 0.267693 0.338056 0.015182 0.016430
0 0.251851 0.328081 0.009902 0.017603
0 0.076924 0.536965 0.021783 0.017603
0 0.080555 0.556328 0.015842 0.021123
0 0.059432 0.549287 0.009241 0.021123
