2 0.511930 0.368567 0.012542 0.039899
0 0.277595 0.410227 0.017822 0.026991
0 0.293437 0.420788 0.027064 0.026991
0 0.298387 0.521710 0.030365 0.019950
0 0.364068 0.542247 0.005941 0.032858
0 0.270333 0.477117 0.008581 0.062196
0 0.233698 0.563956 0.009242 0.036379
2 0.970367 0.335708 0.027724 0.023470
2 0.942315 0.316932 0.013859 0.021123
0 0.898089 0.336295 0.017823 0.022296
2 0.745273 0.849119 0.018484 0.024644
2 0.723823 0.819781 0.013865 0.026991
2 0.710951 0.839731 0.007922 0.024644
1 0.643620 0.627913 0.019802 0.023470
1 0.656823 0.596815 0.015844 0.022296
1 0.355156 0.439564 0.009242 0.024644
1 0.332383 0.439564 0.027065 0.019949
1 0.330403 0.465968 0.017823 0.021123
1 0.734055 0.611483 0.029047 0.028165
1 0.704021 0.586253 0.007260 0.024644
0 0.291127 0.478290 0.017162 0.043419
