2 0.995781 0.384409 0.012542 0.026991
0 0.271323 0.615591 0.023764 0.026991
0 0.246570 0.634367 0.016503 0.024644
0 0.279905 0.640821 0.018483 0.023470
1 0.804685 0.680134 0.026401 0.019949
1 0.766398 0.681894 0.018484 0.028164
1 0.811617 0.705364 0.025745 0.023469
1 0.648570 0.740569 0.013859 0.023470
1 0.699068 0.759933 0.015844 0.024644
1 0.780589 0.232440 0.012542 0.018776
1 0.768708 0.261191 0.017823 0.022296
1 0.739333 0.256497 0.010562 0.022297
2 0.402683 0.544594 0.014522 0.039900
0 0.242609 0.684241 0.012542 0.091534
0 0.172639 0.651969 0.021783 0.076278
0 0.150855 0.663705 0.013862 0.066891
0 0.116530 0.705951 0.015182 0.092707
