0 0.443610 0.737636 0.010562 0.022296
0 0.408294 0.717687 0.012542 0.017603
0 0.416876 0.741743 0.016502 0.018777
0 0.399383 0.778708 0.010561 0.015256
0 0.758146 0.596228 0.012542 0.018776
0 0.716560 0.609137 0.013859 0.021123
1 0.817557 0.497066 0.007260 0.017603
1 0.051840 0.545180 0.013862 0.017603
1 0.027087 0.541660 0.011882 0.019949
1 0.118841 0.309891 0.009242 0.018777
1 0.084185 0.323387 0.013862 0.017603
1 0.856833 0.562196 0.009240 0.023470
1 0.834719 0.562782 0.023104 0.015256
1 0.831747 0.583906 0.022443 0.017603
