2 0.810294 0.375608 0.016505 0.018777
2 0.834719 0.379715 0.016500 0.017603
2 0.803034 0.392037 0.017818 0.018776
0 0.329412 0.826823 0.019803 0.019949
0 0.303998 0.821542 0.008581 0.016430
1 0.950565 0.756412 0.017161 0.022296
1 0.920862 0.764040 0.022443 0.021123
1 0.851552 0.797485 0.010562 0.017603
1 0.816237 0.798071 0.015182 0.023470
1 0.794122 0.254736 0.011880 0.016430
1 0.771349 0.254150 0.012542 0.022297
1 0.992812 0.784576 0.014521 0.022297
2 0.355486 0.519950 0.011222 0.032858
0 0.238649 0.642581 0.007261 0.066891
0 0.179240 0.602095 0.012542 0.058676
0 0.161747 0.613244 0.009241 0.050461
0 0.132042 0.662531 0.011882 0.069237
1 0.959146 0.773428 0.015844 0.023470
