2 0.994794 0.345683 0.011880 0.029337
0 0.367368 0.566890 0.016503 0.028164
0 0.344595 0.596228 0.018483 0.023470
1 0.791813 0.648449 0.013865 0.024644
1 0.779268 0.665465 0.009901 0.035206
1 0.820526 0.674266 0.030365 0.022297
1 0.610615 0.718273 0.017167 0.023470
1 0.556818 0.707125 0.012542 0.026991
1 0.669695 0.283488 0.015182 0.022297
1 0.714581 0.305197 0.008578 0.023470
1 0.682568 0.311651 0.019802 0.022297
2 0.374959 0.513495 0.013202 0.038726
0 0.188481 0.632020 0.025744 0.095055
0 0.134353 0.629086 0.019143 0.079798
0 0.090126 0.645515 0.013862 0.086840
