0 0.277595 0.538139 0.013862 0.031685
0 0.289477 0.556328 0.008581 0.025818
0 0.258122 0.567477 0.019803 0.024644
1 0.800062 0.651970 0.014521 0.024644
1 0.827458 0.676613 0.032344 0.022297
1 0.788841 0.663118 0.007922 0.035205
1 0.634708 0.733529 0.017823 0.023470
1 0.581901 0.714752 0.013865 0.025818
1 0.729432 0.281727 0.014521 0.025818
1 0.695768 0.283487 0.014526 0.026991
2 0.384201 0.517016 0.014522 0.038726
0 0.209604 0.645515 0.017823 0.091534
0 0.143924 0.629087 0.013202 0.075105
0 0.122141 0.624979 0.009242 0.029338
0 0.089136 0.666638 0.014522 0.098575
