1 0.851552 0.655490 0.010562 0.024644
1 0.875315 0.676027 0.022443 0.018776
1 0.673326 0.732942 0.013203 0.019950
1 0.726133 0.795725 0.013203 0.025818
1 0.696758 0.771081 0.015182 0.021123
1 0.701378 0.799832 0.015182 0.017603
0 0.190461 0.482397 0.020463 0.016430
0 0.194422 0.501760 0.021783 0.019950
0 0.169668 0.482984 0.011882 0.019950
0 0.213235 0.443085 0.014522 0.019949
0 0.322811 0.318693 0.013202 0.015256
0 0.329082 0.332188 0.011222 0.021123
0 0.307629 0.335122 0.011882 0.017603
0 0.085505 0.530512 0.016503 0.021123
0 0.093427 0.544006 0.012542 0.022296
0 0.068343 0.546941 0.015182 0.018776
