0 0.373309 0.581559 0.024423 0.022297
0 0.150855 0.583319 0.023104 0.079799
0 0.122801 0.583319 0.009241 0.058676
0 0.092436 0.595641 0.017162 0.085666
0 0.290467 0.210730 0.013202 0.015256
0 0.323802 0.234200 0.011222 0.022296
0 0.297397 0.235374 0.015182 0.017603
0 0.608302 0.750544 0.017823 0.017602
0 0.565398 0.745263 0.011224 0.025818
0 0.780922 0.534031 0.014521 0.023470
0 0.752206 0.526991 0.025745 0.014081
0 0.747917 0.546941 0.025083 0.018776
2 0.162077 0.610310 0.008581 0.023470
1 0.549885 0.680721 0.006604 0.025818
1 0.513249 0.699497 0.016501 0.023469
