1 0.780922 0.772255 0.025083 0.018776
1 0.752206 0.765213 0.008578 0.021123
1 0.585862 0.756999 0.008578 0.021123
1 0.554836 0.770494 0.015182 0.017603
1 0.646922 0.715926 0.014521 0.018776
1 0.635698 0.690695 0.011885 0.019950
0 0.088806 0.547527 0.015182 0.024644
0 0.096397 0.563369 0.015842 0.023470
0 0.063722 0.558675 0.020463 0.018777
0 0.483876 0.465969 0.013202 0.018776
0 0.643292 0.338056 0.012542 0.018776
0 0.257792 0.529925 0.015182 0.019949
0 0.265383 0.544007 0.010561 0.017603
0 0.240959 0.544006 0.014522 0.019950
