2 0.235678 0.626739 0.023764 0.032858
1 0.597745 0.610310 0.007260 0.044594
1 0.557146 0.502934 0.014521 0.078625
1 0.437668 0.576278 0.005281 0.044594
0 0.508629 0.722967 0.011221 0.032858
0 0.468693 0.744090 0.038286 0.030511
0 0.395422 0.535205 0.009242 0.028164
0 0.368688 0.522884 0.034985 0.017603
0 0.368688 0.556915 0.025744 0.029338
0 0.359117 0.917184 0.014522 0.031687
0 0.326772 0.889019 0.038286 0.022296
0 0.318851 0.920114 0.026404 0.028160
1 0.313900 0.596228 0.019143 0.028165
1 0.532393 0.508801 0.009901 0.038726
