2 0.942312 0.289941 0.017823 0.021123
2 0.969378 0.298156 0.019141 0.021123
2 0.935385 0.308718 0.019802 0.023470
0 0.420506 0.728835 0.017162 0.021123
0 0.385521 0.713579 0.009242 0.023470
0 0.404994 0.472423 0.023103 0.017603
0 0.409284 0.494132 0.017162 0.018776
0 0.386511 0.482984 0.007261 0.019950
1 0.593781 0.809220 0.021781 0.026991
1 0.635698 0.810394 0.018479 0.029337
1 0.640318 0.681307 0.009240 0.019950
1 0.603023 0.708885 0.016505 0.023470
2 0.436348 0.442498 0.009242 0.030511
0 0.308949 0.573931 0.007921 0.068064
0 0.246570 0.529925 0.012542 0.059849
0 0.227097 0.542833 0.010561 0.057502
0 0.194752 0.595641 0.010561 0.073931
