1 0.539656 0.516429 0.007260 0.030512
1 0.509289 0.510562 0.024422 0.018777
1 0.507639 0.535792 0.025084 0.019949
1 0.182870 0.783989 0.010561 0.021123
1 0.141284 0.808046 0.019803 0.022296
2 0.376610 0.810980 0.009902 0.025818
2 0.411925 0.823889 0.017162 0.018776
0 0.408624 0.665465 0.009241 0.023470
0 0.397073 0.643755 0.012542 0.022297
0 0.374959 0.670746 0.017162 0.019949
0 0.430738 0.544594 0.015182 0.016430
0 0.425787 0.573931 0.018483 0.018776
0 0.391462 0.566303 0.007921 0.024644
2 0.653190 0.329254 0.019141 0.024644
1 0.873005 0.187259 0.013865 0.019950
1 0.856503 0.196061 0.027068 0.021123
1 0.882245 0.248282 0.011219 0.083319
1 0.859141 0.246522 0.007260 0.061023
1 0.826138 0.235960 0.016505 0.075105
