1 0.579260 0.406119 0.021781 0.030511
1 0.556815 0.415507 0.036307 0.028165
0 0.654841 0.769907 0.022443 0.032857
0 0.607312 0.761106 0.015844 0.034032
0 0.833070 0.756999 0.038286 0.023470
0 0.838349 0.793964 0.026406 0.029338
0 0.796432 0.767560 0.013865 0.037552
2 0.109599 0.600922 0.039606 0.030511
1 0.549224 0.555742 0.035646 0.029337
1 0.586521 0.496480 0.013865 0.082146
1 0.561435 0.512322 0.015182 0.031684
1 0.629099 0.622045 0.005281 0.021123
1 0.463412 0.587426 0.006601 0.022297
