1 0.311259 0.559262 0.015182 0.019950
2 0.391132 0.809807 0.008581 0.021123
2 0.380570 0.792204 0.012542 0.025818
2 0.358457 0.817435 0.014522 0.019949
0 0.093427 0.674266 0.012542 0.012908
0 0.094087 0.698323 0.023104 0.025817
0 0.058771 0.710645 0.019803 0.022296
0 0.833398 0.801006 0.011224 0.019950
0 0.802703 0.805113 0.015844 0.021123
0 0.394432 0.730008 0.012542 0.018776
0 0.330733 0.627913 0.011882 0.021123
0 0.301688 0.637888 0.015842 0.019949
2 0.440969 0.360939 0.023764 0.012909
1 0.709630 0.257083 0.011885 0.016430
1 0.696099 0.261191 0.023104 0.015256
1 0.692466 0.344510 0.022443 0.017603
1 0.738013 0.375021 0.006599 0.024644
1 0.713922 0.309305 0.008583 0.052807
1 0.699398 0.312238 0.008578 0.025818
1 0.641310 0.356245 0.005943 0.026991
