2 0.425457 0.644928 0.016503 0.024644
2 0.394102 0.622045 0.017162 0.018776
2 0.388491 0.644342 0.016503 0.025817
1 0.343274 0.874350 0.015843 0.018776
0 0.566388 0.396731 0.021120 0.014082
0 0.567378 0.419028 0.016505 0.014081
0 0.589492 0.403185 0.007922 0.019950
0 0.746266 0.546940 0.013865 0.021123
0 0.781581 0.546354 0.011880 0.017602
0 0.300038 0.541073 0.008581 0.021123
0 0.322811 0.561609 0.017162 0.015256
2 0.408294 0.426656 0.023103 0.024644
1 0.692799 0.313999 0.009901 0.017603
1 0.678276 0.321040 0.021781 0.015256
1 0.672995 0.404359 0.023104 0.022297
1 0.722831 0.420788 0.006599 0.064543
1 0.702370 0.346857 0.005281 0.041073
1 0.696758 0.367980 0.009901 0.052808
1 0.680255 0.358005 0.008583 0.058675
1 0.620516 0.400838 0.009240 0.059849
