1 0.375289 0.558675 0.011221 0.018777
1 0.335353 0.564543 0.013202 0.018777
2 0.390472 0.805700 0.011221 0.019949
2 0.380900 0.788097 0.014522 0.026991
2 0.357797 0.811567 0.014522 0.017603
0 0.073624 0.690109 0.011221 0.021123
0 0.060752 0.718860 0.026404 0.019949
0 0.654510 0.829756 0.011219 0.025817
0 0.647581 0.859094 0.017161 0.021123
0 0.618536 0.850880 0.011885 0.025817
0 0.399713 0.758759 0.012542 0.015256
0 0.312910 0.631433 0.009242 0.023470
0 0.283535 0.640821 0.013862 0.023470
2 0.439319 0.358592 0.024423 0.019949
1 0.710620 0.254150 0.009906 0.015256
1 0.697417 0.258257 0.021781 0.016429
1 0.692138 0.338642 0.020464 0.017603
1 0.738344 0.373261 0.004625 0.025818
1 0.713919 0.304024 0.009901 0.051634
1 0.699398 0.310478 0.008578 0.026991
1 0.641641 0.351551 0.005281 0.026991
2 0.030057 0.715339 0.011222 0.026991
