0 0.408624 0.502934 0.017162 0.022297
0 0.380900 0.502934 0.013202 0.022297
0 0.141614 0.430763 0.017823 0.016430
0 0.138314 0.453646 0.025744 0.022296
0 0.107289 0.461274 0.020463 0.025817
0 0.259112 0.761693 0.015182 0.023470
1 0.633388 0.244762 0.016505 0.024644
1 0.784883 0.113915 0.011880 0.016429
1 0.772669 0.118022 0.021786 0.019950
1 0.748245 0.149707 0.016500 0.064544
1 0.776299 0.159682 0.007922 0.053981
1 0.793464 0.160855 0.010562 0.063369
1 0.935714 0.708298 0.021781 0.022296
1 0.943305 0.730594 0.023766 0.026991
1 0.902708 0.727074 0.023104 0.026991
1 0.851549 0.727661 0.013203 0.021123
1 0.808643 0.724727 0.013203 0.019949
2 0.386841 0.612070 0.007921 0.024644
2 0.364068 0.628500 0.017823 0.019949
