1 0.697089 0.316345 0.030365 0.022296
0 0.266703 0.794551 0.018483 0.021123
0 0.266043 0.827409 0.018483 0.025817
0 0.226767 0.829169 0.017822 0.026991
0 0.342944 0.577452 0.011222 0.028165
0 0.393442 0.552808 0.014522 0.021123
0 0.379250 0.582146 0.029705 0.028164
0 0.447570 0.691869 0.015842 0.026991
0 0.484536 0.691282 0.017162 0.023470
2 0.447570 0.841492 0.007921 0.028165
2 0.417536 0.862028 0.020463 0.026991
1 0.929773 0.238894 0.020464 0.080972
1 0.964758 0.250042 0.009901 0.061023
1 0.989844 0.251803 0.012542 0.085667
