2 0.426117 0.649623 0.020463 0.022297
2 0.394432 0.630847 0.016503 0.017603
2 0.387501 0.651383 0.015843 0.028164
2 0.869044 0.984074 0.009901 0.022296
2 0.839010 0.994051 0.019802 0.014083
0 0.357797 0.890779 0.018483 0.018776
0 0.534375 0.376781 0.017823 0.014081
0 0.539654 0.396144 0.015182 0.017603
0 0.512590 0.386756 0.009902 0.019950
0 0.781581 0.553395 0.013203 0.022297
0 0.746263 0.551048 0.015182 0.022297
0 0.632070 0.536379 0.009901 0.021123
0 0.603685 0.542833 0.016505 0.017603
2 0.408294 0.433110 0.024424 0.021123
1 0.693128 0.322800 0.011880 0.018776
1 0.676956 0.326907 0.021786 0.019950
1 0.673984 0.410813 0.021125 0.018776
1 0.722172 0.433697 0.005281 0.048114
1 0.696427 0.375021 0.009240 0.048114
1 0.679266 0.370327 0.009240 0.057502
1 0.619526 0.411987 0.004625 0.049288
