1 0.613255 0.334535 0.027729 0.021123
0 0.283205 0.794551 0.021123 0.021123
0 0.286836 0.827409 0.016502 0.028165
0 0.247890 0.830930 0.017823 0.028164
0 0.318851 0.576865 0.014522 0.022296
0 0.305649 0.606789 0.030365 0.025818
0 0.269343 0.606203 0.013202 0.024644
0 0.508299 0.693043 0.013202 0.022296
0 0.471334 0.700084 0.019803 0.024644
2 0.461432 0.852640 0.009242 0.026991
2 0.432388 0.872590 0.021123 0.026991
1 0.945617 0.247695 0.020464 0.079798
1 0.980271 0.260017 0.010562 0.057503
