2 0.424797 0.667812 0.019143 0.023470
2 0.393112 0.649036 0.015182 0.018776
2 0.386181 0.671332 0.018483 0.023470
1 0.239309 0.916597 0.016503 0.023472
1 0.193102 0.918943 0.015182 0.025818
2 0.342945 0.857920 0.013862 0.018776
2 0.339644 0.893713 0.012542 0.017603
0 0.586521 0.417267 0.008583 0.017603
0 0.579258 0.443085 0.015182 0.017603
0 0.553846 0.433110 0.009245 0.021123
0 0.780260 0.571584 0.013198 0.021123
0 0.744615 0.572171 0.013198 0.022297
0 0.235348 0.642581 0.012542 0.019950
0 0.231388 0.667225 0.013862 0.022296
0 0.201683 0.666638 0.011221 0.023469
2 0.406974 0.451886 0.020463 0.018776
1 0.690487 0.339816 0.011880 0.019950
1 0.674974 0.346270 0.019146 0.016429
1 0.670685 0.429589 0.022443 0.021123
1 0.721841 0.446019 0.005943 0.070411
1 0.698740 0.372674 0.007260 0.052807
1 0.693458 0.394384 0.008583 0.046941
1 0.679596 0.384409 0.005943 0.059849
1 0.618536 0.421375 0.005281 0.063369
