2 0.513251 0.484157 0.015185 0.022296
2 0.490477 0.466555 0.011882 0.017603
2 0.483215 0.483571 0.011882 0.018777
1 0.765737 0.463035 0.011880 0.017603
1 0.738344 0.444845 0.007260 0.021123
1 0.453181 0.706538 0.013862 0.014081
1 0.448560 0.724727 0.012542 0.015256
0 0.229407 0.860855 0.021783 0.019950
0 0.207294 0.844425 0.014522 0.019949
0 0.197722 0.864375 0.012542 0.022296
0 0.825148 0.417854 0.013203 0.016429
0 0.798083 0.415507 0.011885 0.018776
2 0.501698 0.306371 0.019803 0.016429
1 0.735044 0.214837 0.011224 0.014081
1 0.724151 0.220705 0.015844 0.016430
1 0.718872 0.288768 0.017161 0.021123
1 0.759797 0.317519 0.006604 0.024644
1 0.737354 0.260604 0.009240 0.039899
1 0.726133 0.264125 0.007922 0.021123
1 0.675966 0.299330 0.007922 0.028165
