0 0.376609 0.490025 0.012542 0.022296
0 0.347235 0.492959 0.014522 0.023470
0 0.194752 0.576865 0.022444 0.029338
0 0.161087 0.544007 0.014522 0.017603
0 0.159767 0.568650 0.021123 0.026991
0 0.201023 0.822129 0.012542 0.029337
0 0.169668 0.833277 0.019803 0.021123
0 0.426117 0.671333 0.016503 0.021123
0 0.397073 0.660184 0.009902 0.022296
1 0.578268 0.217771 0.018484 0.022297
1 0.751216 0.101593 0.010557 0.017603
1 0.739005 0.106288 0.023104 0.017603
1 0.715898 0.139732 0.015182 0.063369
1 0.742966 0.145600 0.011224 0.051634
1 0.760458 0.147947 0.010562 0.070410
1 0.866073 0.674266 0.013198 0.024644
1 0.884557 0.707125 0.029042 0.019949
1 0.817224 0.704778 0.010562 0.022296
1 0.782901 0.727075 0.018479 0.024644
2 0.354826 0.603269 0.007261 0.018777
2 0.331393 0.618525 0.017162 0.018777
