2 0.425457 0.648449 0.019143 0.019950
2 0.394762 0.631433 0.015842 0.016430
2 0.387831 0.651383 0.015182 0.023469
1 0.809964 0.985250 0.009240 0.022296
1 0.773990 0.986417 0.017823 0.022296
2 0.870695 0.984074 0.011880 0.022296
2 0.838349 0.997569 0.017167 0.016435
0 0.537016 0.374435 0.012542 0.021123
0 0.543945 0.392624 0.009245 0.019950
0 0.515889 0.390863 0.015180 0.021123
0 0.782242 0.551634 0.013203 0.018776
0 0.746924 0.552808 0.016505 0.025818
0 0.631409 0.537552 0.011224 0.016429
0 0.603023 0.544006 0.015182 0.019950
2 0.407634 0.430763 0.023104 0.023470
1 0.692135 0.320453 0.012542 0.018776
1 0.677945 0.325734 0.021120 0.017603
1 0.672664 0.409639 0.021120 0.021123
1 0.722831 0.434283 0.006599 0.056328
1 0.696758 0.376781 0.011224 0.046941
1 0.680586 0.368567 0.007922 0.056329
1 0.619526 0.410813 0.005938 0.049287
