2 0.425787 0.649036 0.018483 0.023470
2 0.393442 0.629087 0.017162 0.021123
2 0.386511 0.650796 0.015182 0.024644
1 0.679927 0.951801 0.015844 0.016435
2 0.744286 0.950042 0.007260 0.026991
2 0.769701 0.966472 0.017161 0.019944
0 0.579589 0.399665 0.021125 0.012909
0 0.583219 0.420201 0.012542 0.016429
0 0.558135 0.408466 0.007260 0.016429
0 0.748906 0.552808 0.013865 0.021123
0 0.781911 0.552221 0.012542 0.017603
0 0.595432 0.482984 0.015844 0.015256
0 0.594440 0.507628 0.015182 0.019950
2 0.407304 0.433697 0.022444 0.022297
1 0.691807 0.319866 0.010562 0.019949
1 0.678273 0.326907 0.020464 0.017603
1 0.672995 0.410813 0.021781 0.018776
1 0.722503 0.430176 0.005943 0.055155
1 0.702039 0.358005 0.008578 0.039899
1 0.695766 0.374435 0.010562 0.051634
1 0.680914 0.366806 0.011224 0.057502
1 0.619526 0.406119 0.007260 0.061022
