2 0.352516 0.531685 0.018483 0.021123
2 0.319511 0.511148 0.015843 0.019950
2 0.314560 0.532272 0.017822 0.024644
1 0.601372 0.441911 0.011880 0.019950
1 0.562758 0.433110 0.013859 0.016429
1 0.650880 0.800419 0.015844 0.021123
1 0.629427 0.769907 0.012542 0.025817
1 0.617875 0.788097 0.009240 0.024644
0 0.753857 0.429589 0.006599 0.023469
0 0.725802 0.441911 0.017823 0.019950
2 0.334363 0.308131 0.024424 0.019949
1 0.630089 0.187259 0.012542 0.015256
1 0.613583 0.194887 0.023104 0.018776
1 0.609625 0.282313 0.021781 0.017603
1 0.659794 0.316932 0.004620 0.028165
1 0.633060 0.243588 0.007922 0.050461
1 0.617875 0.249456 0.006604 0.031685
1 0.555167 0.295222 0.005281 0.026991
