2 0.549557 0.570997 0.007260 0.026991
2 0.517871 0.564543 0.024424 0.016429
2 0.515891 0.591534 0.024426 0.021123
1 0.300038 0.597988 0.017823 0.022296
2 0.389151 0.853813 0.011221 0.024644
2 0.424797 0.869069 0.017823 0.022297
0 0.459122 0.593294 0.005941 0.026991
0 0.433048 0.610897 0.018483 0.022297
0 0.418196 0.585080 0.009902 0.019950
1 0.288156 0.308131 0.021783 0.031684
1 0.883896 0.231266 0.013198 0.021123
1 0.868714 0.240654 0.026406 0.016429
1 0.839669 0.279380 0.017161 0.077451
1 0.871685 0.294049 0.009901 0.062196
1 0.894786 0.295222 0.012542 0.080972
