2 0.655831 0.426069 0.013859 0.021123
1 0.656490 0.369154 0.007260 0.026991
1 0.493117 0.569237 0.017162 0.023470
1 0.461762 0.553981 0.007261 0.025817
0 0.365718 0.654904 0.010561 0.023470
0 0.340964 0.687175 0.029704 0.026991
0 0.379250 0.674266 0.007261 0.029338
0 0.161747 0.681894 0.018483 0.021123
0 0.173629 0.709472 0.015842 0.031684
0 0.131052 0.706538 0.017822 0.030511
0 0.994461 0.723554 0.009901 0.026991
0 0.420506 0.830930 0.015842 0.028164
0 0.378590 0.833277 0.017822 0.023470
2 0.680255 0.152641 0.029708 0.021123
1 0.947596 0.142080 0.004620 0.030511
