1 0.536685 0.522297 0.006599 0.030512
1 0.505659 0.517603 0.027724 0.016430
1 0.504999 0.542833 0.027724 0.017603
1 0.178579 0.760519 0.009902 0.023470
1 0.133693 0.785750 0.019143 0.024644
2 0.410605 0.819781 0.017162 0.022296
2 0.375949 0.809220 0.011222 0.026991
0 0.399383 0.633194 0.010561 0.019950
0 0.393112 0.664878 0.017823 0.019949
0 0.358457 0.656077 0.010561 0.023470
0 0.348225 0.538139 0.011221 0.019950
0 0.382550 0.542833 0.016503 0.017603
0 0.385521 0.509975 0.011882 0.019950
1 0.631078 0.312825 0.017167 0.022296
1 0.870362 0.181979 0.015182 0.014081
1 0.855182 0.192540 0.024427 0.023469
1 0.825477 0.230679 0.015182 0.078625
1 0.858484 0.243588 0.007260 0.055156
1 0.881255 0.244762 0.011885 0.083319
