1 0.010584 0.645515 0.014522 0.021123
2 0.391132 0.830343 0.012542 0.019949
2 0.380240 0.812741 0.011882 0.019950
2 0.358127 0.837384 0.015182 0.017602
0 0.149535 0.664291 0.016503 0.021123
0 0.114880 0.630260 0.011882 0.014082
0 0.113890 0.655490 0.017822 0.024644
0 0.860133 0.575105 0.017161 0.016430
0 0.834388 0.557502 0.009245 0.025817
0 0.408954 0.740569 0.013862 0.018776
0 0.430408 0.531685 0.014522 0.016429
0 0.407964 0.517016 0.006601 0.022296
2 0.438989 0.383236 0.022443 0.017603
1 0.709630 0.277033 0.013198 0.016429
1 0.696099 0.284661 0.021781 0.015256
1 0.692469 0.365046 0.021125 0.018776
1 0.738344 0.397318 0.004625 0.026991
1 0.714581 0.332188 0.008578 0.046941
1 0.698740 0.334535 0.007260 0.025817
1 0.642299 0.376781 0.006599 0.023470
