2 0.421166 0.684241 0.019803 0.025818
2 0.386511 0.661944 0.021783 0.021124
2 0.378590 0.685415 0.016503 0.028165
1 0.360767 0.880804 0.016503 0.022297
2 0.326112 0.945931 0.015842 0.023472
2 0.327102 0.903688 0.016503 0.023470
0 0.813924 0.576865 0.018484 0.019950
0 0.783563 0.562782 0.009240 0.026991
2 0.402023 0.434870 0.027724 0.024644
1 0.730094 0.304611 0.014521 0.019949
1 0.714581 0.311651 0.024422 0.022297
1 0.709299 0.409053 0.024422 0.024644
1 0.766068 0.424309 0.007260 0.078625
1 0.742305 0.340989 0.007266 0.052808
1 0.736693 0.370327 0.010562 0.059849
1 0.718211 0.358006 0.009245 0.065717
1 0.647581 0.400838 0.006599 0.076279
