0 0.417206 0.487678 0.019803 0.017603
0 0.399053 0.491785 0.008582 0.023470
0 0.417866 0.503520 0.018483 0.016430
0 0.655172 0.798659 0.013865 0.017603
0 0.656490 0.822715 0.012542 0.021123
0 0.631409 0.821542 0.011224 0.021123
0 0.696430 0.607376 0.007922 0.017603
0 0.672664 0.616764 0.014526 0.017603
2 0.533383 0.255323 0.018484 0.017603
1 0.723161 0.183739 0.016500 0.015256
1 0.719859 0.243001 0.017823 0.018776
1 0.735044 0.216597 0.008578 0.036380
1 0.724482 0.223638 0.007266 0.017603
1 0.863432 0.646102 0.011885 0.017603
1 0.871354 0.662531 0.011885 0.019950
1 0.845612 0.664292 0.013203 0.016430
