2 0.425457 0.673680 0.019143 0.018776
2 0.391792 0.655490 0.017823 0.017603
2 0.384531 0.673680 0.019143 0.025817
1 0.143264 0.997569 0.017162 0.016435
2 0.336673 0.906621 0.014522 0.022296
2 0.337664 0.870243 0.013862 0.022296
0 0.484866 0.460101 0.013862 0.018776
0 0.459452 0.449539 0.009242 0.016430
0 0.795112 0.573931 0.013859 0.023470
0 0.759466 0.572757 0.013859 0.023470
2 0.404004 0.448952 0.022444 0.022297
1 0.702039 0.333949 0.011224 0.017603
1 0.687846 0.338642 0.021120 0.017603
1 0.681576 0.426069 0.024422 0.021123
1 0.734385 0.441911 0.007260 0.066891
1 0.712930 0.366806 0.006599 0.052807
1 0.706990 0.389103 0.011885 0.052808
1 0.689828 0.379128 0.009240 0.058675
1 0.627117 0.416681 0.005276 0.068064
