1 0.594115 0.100420 0.025083 0.019950
0 0.354826 0.778708 0.016503 0.026991
0 0.319841 0.782816 0.016503 0.023470
0 0.291457 0.524057 0.027064 0.019949
0 0.264062 0.531685 0.011882 0.025818
0 0.294757 0.549288 0.027064 0.025818
0 0.437009 0.421962 0.011882 0.024644
0 0.406644 0.427829 0.017163 0.022297
2 0.417536 0.544594 0.008582 0.028165
2 0.393112 0.562783 0.016502 0.024644
1 0.496748 0.599749 0.016503 0.025818
0 0.297397 0.731769 0.017823 0.026991
1 0.874326 0.043504 0.011224 0.072758
1 0.852539 0.038810 0.009901 0.051634
1 0.823826 0.032943 0.017161 0.065717
