1 0.054481 0.772841 0.013862 0.022297
1 0.012895 0.766387 0.015182 0.018776
2 0.377270 0.852053 0.013862 0.021123
2 0.367038 0.830930 0.011882 0.021123
2 0.344924 0.860855 0.015182 0.015256
0 0.107619 0.662531 0.015842 0.026991
0 0.080885 0.656077 0.021783 0.016430
0 0.075604 0.678960 0.021783 0.019950
0 0.833398 0.520536 0.013859 0.015256
0 0.803365 0.516429 0.010562 0.023469
0 0.391132 0.785163 0.017823 0.018776
0 0.361427 0.774015 0.008581 0.022296
0 0.347565 0.408466 0.012542 0.014082
2 0.426447 0.402599 0.021123 0.014082
1 0.696096 0.298743 0.009901 0.015256
1 0.682896 0.304611 0.020458 0.017603
1 0.677615 0.383823 0.021781 0.021123
1 0.724812 0.417854 0.005281 0.025818
1 0.699398 0.351551 0.009901 0.050461
1 0.684547 0.353898 0.006604 0.022296
1 0.626786 0.395557 0.005938 0.025817
