2 0.426447 0.648449 0.019803 0.019950
2 0.394432 0.631433 0.016503 0.016430
2 0.387501 0.651970 0.017162 0.024644
1 0.779930 0.994634 0.009901 0.015250
2 0.869703 0.983486 0.008583 0.021120
2 0.839339 0.994046 0.017823 0.016426
0 0.371329 0.867896 0.009902 0.024644
0 0.349875 0.891366 0.025084 0.024644
0 0.541305 0.379129 0.015839 0.018776
0 0.548893 0.396731 0.009901 0.016429
0 0.519521 0.392624 0.010562 0.017603
0 0.781911 0.553394 0.013865 0.019950
0 0.747255 0.551048 0.014521 0.022297
0 0.632398 0.536379 0.010557 0.016430
0 0.604016 0.542246 0.015844 0.018776
2 0.407964 0.433697 0.022443 0.017603
1 0.692135 0.321626 0.012542 0.014082
1 0.678276 0.325733 0.023104 0.015256
2 0.672995 0.410813 0.023104 0.021123
1 0.722172 0.435457 0.005281 0.044594
1 0.696096 0.374435 0.009901 0.051634
1 0.680917 0.370327 0.008583 0.048114
1 0.619526 0.413747 0.004625 0.045767
