2 0.290797 0.552221 0.019143 0.022296
2 0.256471 0.532858 0.016502 0.016430
2 0.248220 0.554568 0.014522 0.024644
1 0.378920 0.358006 0.013202 0.023470
1 0.415885 0.376194 0.015843 0.022296
1 0.624477 0.783990 0.010557 0.023470
1 0.595102 0.769907 0.021786 0.018776
1 0.590151 0.792204 0.014521 0.021123
0 0.483216 0.820368 0.010561 0.021123
0 0.502358 0.847359 0.023764 0.021123
0 0.702698 0.445431 0.005938 0.019950
0 0.673656 0.456580 0.017823 0.018777
2 0.269013 0.322800 0.024423 0.021123
1 0.571008 0.194887 0.011880 0.016429
1 0.557805 0.202515 0.022443 0.015256
1 0.553185 0.291115 0.023766 0.018776
1 0.605003 0.329841 0.004620 0.028164
1 0.577940 0.254150 0.009901 0.057503
1 0.561107 0.259431 0.007922 0.030511
1 0.497078 0.307544 0.006601 0.028165
