0 0.395422 0.433697 0.014522 0.019949
0 0.402023 0.448365 0.017162 0.021123
0 0.377270 0.445432 0.019143 0.017603
0 0.426777 0.880218 0.011222 0.023470
0 0.417866 0.892539 0.009242 0.022297
0 0.440639 0.900754 0.016503 0.017603
0 0.679266 0.593294 0.014521 0.019949
2 0.524801 0.228332 0.018481 0.017603
1 0.715570 0.213077 0.018484 0.015256
1 0.720190 0.152054 0.017161 0.015256
1 0.732073 0.186086 0.007917 0.036379
1 0.721180 0.191367 0.009901 0.021123
1 0.755505 0.622045 0.007260 0.018776
1 0.723161 0.630847 0.013865 0.017603
2 0.862773 0.629673 0.013203 0.017603
2 0.870693 0.644929 0.009240 0.022296
2 0.845281 0.646688 0.013865 0.021123
