1 0.480575 0.332775 0.029044 0.019950
0 0.299048 0.843838 0.021123 0.016429
0 0.306309 0.880218 0.014522 0.030511
0 0.266373 0.887258 0.019143 0.028165
0 0.180230 0.589774 0.017162 0.024644
0 0.191782 0.607963 0.009902 0.023470
0 0.156136 0.616177 0.031024 0.025818
0 0.298058 0.643168 0.011221 0.025818
0 0.252511 0.629086 0.015182 0.023470
0 0.266373 0.659011 0.021783 0.022297
2 0.476284 0.843252 0.008581 0.031685
2 0.446910 0.863201 0.019803 0.024644
1 0.960138 0.240654 0.020464 0.082145
1 0.995784 0.251802 0.011224 0.055155
