2 0.543615 0.587427 0.007260 0.026991
2 0.512590 0.582732 0.024424 0.015256
2 0.510939 0.606789 0.025081 0.018777
1 0.429417 0.603269 0.017822 0.023469
1 0.381890 0.587427 0.009902 0.026991
2 0.418856 0.882564 0.019143 0.021123
2 0.384201 0.870829 0.013202 0.028164
1 0.349876 0.377368 0.022444 0.024644
1 0.879604 0.248869 0.012542 0.018776
1 0.862773 0.254736 0.029047 0.018776
1 0.890497 0.309892 0.011880 0.084493
1 0.866732 0.306371 0.007922 0.061023
1 0.834057 0.295222 0.017823 0.073931
