2 0.425457 0.650210 0.020463 0.021123
2 0.393442 0.629673 0.017162 0.017603
2 0.386511 0.650210 0.017823 0.021123
1 0.779602 0.607963 0.013203 0.021124
1 0.740654 0.593294 0.009245 0.022297
1 0.869375 0.985250 0.010562 0.022296
1 0.838018 0.992292 0.016505 0.017602
0 0.327102 0.965296 0.029704 0.019944
0 0.596753 0.390277 0.017161 0.010561
0 0.577609 0.396144 0.005281 0.015256
0 0.598404 0.413160 0.015182 0.016430
0 0.632398 0.537552 0.011880 0.021123
0 0.603354 0.544007 0.015844 0.017603
2 0.407634 0.433110 0.025744 0.021123
1 0.691148 0.319866 0.011880 0.017603
1 0.677945 0.328667 0.021120 0.021123
1 0.672995 0.410226 0.024427 0.017603
1 0.722172 0.441325 0.005281 0.037553
1 0.696096 0.377368 0.009901 0.052808
1 0.680917 0.376194 0.008583 0.038726
1 0.620185 0.419615 0.004620 0.034031
