2 0.709630 0.380302 0.017167 0.021123
2 0.682565 0.360939 0.013203 0.015256
2 0.677286 0.377955 0.014521 0.021123
1 0.428757 0.434870 0.004621 0.019950
1 0.403673 0.457167 0.012542 0.017603
2 0.576620 0.547527 0.008583 0.019949
0 0.640320 0.593294 0.011880 0.015256
0 0.635698 0.619698 0.019802 0.018776
0 0.605664 0.621458 0.011224 0.022296
2 0.697417 0.198408 0.023104 0.016429
1 0.943305 0.110981 0.010557 0.015256
1 0.930432 0.115089 0.019146 0.011735
1 0.922180 0.187259 0.022443 0.019950
1 0.966409 0.203102 0.006599 0.058676
1 0.949906 0.136212 0.006604 0.042246
1 0.943966 0.156162 0.007922 0.044594
1 0.931094 0.148533 0.008583 0.045767
1 0.878284 0.178458 0.005943 0.058676
