2 0.425457 0.651383 0.017823 0.021123
2 0.395092 0.630847 0.017823 0.017603
2 0.386181 0.649622 0.015842 0.026991
1 0.516551 0.451300 0.012543 0.017603
1 0.773659 0.607376 0.013203 0.017603
1 0.741646 0.606203 0.012542 0.019950
0 0.742635 0.812154 0.021125 0.016430
0 0.768378 0.790444 0.007922 0.024644
0 0.722172 0.782816 0.006604 0.028164
0 0.448230 0.390863 0.005281 0.018777
0 0.425787 0.400251 0.015843 0.016429
0 0.412255 0.377955 0.009902 0.018776
0 0.764419 0.550461 0.013203 0.018776
0 0.728771 0.551048 0.014521 0.019949
0 0.059762 0.485331 0.011221 0.022297
0 0.033688 0.474769 0.021123 0.015256
0 0.029727 0.494719 0.018483 0.017603
2 0.407964 0.433110 0.022443 0.018776
1 0.692138 0.321626 0.011224 0.018777
1 0.677945 0.328668 0.021120 0.014081
1 0.672992 0.411987 0.020464 0.021123
1 0.721841 0.446019 0.004620 0.025817
1 0.695438 0.375021 0.009906 0.052807
1 0.679924 0.379128 0.009245 0.028164
1 0.620516 0.421961 0.006604 0.026991
