2 0.424137 0.651383 0.019143 0.018777
2 0.392452 0.633780 0.015182 0.021123
2 0.385851 0.651970 0.016503 0.024644
1 0.703029 0.609723 0.017161 0.019950
1 0.731083 0.583906 0.004625 0.024644
1 0.893797 0.568650 0.023760 0.012908
1 0.896109 0.592120 0.017823 0.015256
1 0.871023 0.581559 0.009901 0.022297
0 0.923503 0.805700 0.021120 0.024644
0 0.885216 0.795725 0.017161 0.028164
0 0.887857 0.767560 0.011880 0.018776
0 0.844951 0.563956 0.010557 0.019950
0 0.811945 0.569237 0.018484 0.021123
2 0.406974 0.437217 0.023104 0.017603
1 0.690156 0.319866 0.011219 0.019949
1 0.675305 0.328667 0.021120 0.021123
1 0.671344 0.413747 0.019802 0.017603
1 0.720193 0.447192 0.005281 0.025818
1 0.693786 0.377368 0.010562 0.055155
1 0.678935 0.384409 0.007266 0.034031
1 0.618867 0.424309 0.004620 0.024644
