2 0.426117 0.650796 0.017822 0.022296
2 0.394432 0.630846 0.016503 0.019950
2 0.387831 0.651969 0.015182 0.022296
1 0.336343 0.892539 0.017822 0.019949
0 0.584542 0.398492 0.008583 0.015256
0 0.548565 0.411400 0.006599 0.019950
0 0.571669 0.421375 0.014526 0.016430
0 0.746924 0.552808 0.013859 0.021123
0 0.782242 0.553395 0.013203 0.022297
0 0.281555 0.446019 0.007261 0.018776
0 0.309609 0.450713 0.014522 0.021123
2 0.408954 0.434870 0.023104 0.022296
1 0.692797 0.322213 0.011219 0.017603
1 0.678604 0.328081 0.023760 0.015256
1 0.674312 0.411987 0.023104 0.021123
1 0.723161 0.430763 0.005938 0.058676
1 0.702698 0.357419 0.005938 0.038726
1 0.696758 0.376195 0.009901 0.052808
1 0.681247 0.363873 0.007922 0.056329
1 0.620516 0.407879 0.006604 0.055155
