2 0.656820 0.451886 0.013203 0.021123
1 0.639331 0.422548 0.009901 0.023470
1 0.515561 0.691282 0.014523 0.016430
1 0.481235 0.682481 0.011882 0.024644
0 0.394432 0.673093 0.007261 0.029338
0 0.363408 0.699497 0.024423 0.023469
0 0.111249 0.515843 0.019143 0.022296
0 0.083195 0.533445 0.011882 0.022297
0 0.239639 0.681307 0.019803 0.019950
0 0.247890 0.705364 0.015182 0.023469
0 0.211255 0.702431 0.017162 0.022296
2 0.673984 0.213663 0.021125 0.021123
1 0.991823 0.095139 0.012542 0.018776
1 0.978292 0.102767 0.025083 0.015256
1 0.969049 0.197234 0.023766 0.018776
1 0.995453 0.156749 0.009240 0.048114
1 0.978620 0.163202 0.008583 0.032858
1 0.908979 0.207796 0.005281 0.028164
