2 0.424136 0.683068 0.021783 0.025817
2 0.390141 0.662531 0.021123 0.017603
2 0.379580 0.684241 0.018483 0.025818
2 0.360437 0.938894 0.011882 0.023472
2 0.324132 0.937133 0.015842 0.026993
2 0.330402 0.897820 0.013862 0.018776
0 0.794451 0.570411 0.015182 0.023469
0 0.832737 0.566303 0.015182 0.019949
2 0.404994 0.433110 0.027064 0.023470
1 0.731414 0.305198 0.013203 0.021123
1 0.717221 0.312238 0.024422 0.021123
1 0.710289 0.410226 0.023766 0.022297
1 0.767388 0.426656 0.005943 0.076278
1 0.745273 0.341576 0.007922 0.056329
1 0.737685 0.367394 0.011224 0.061022
1 0.719201 0.358005 0.009901 0.068064
1 0.648901 0.399078 0.006604 0.075105
