2 0.425127 0.650209 0.018483 0.023470
2 0.394432 0.631433 0.020463 0.021123
2 0.386841 0.651383 0.017162 0.025818
1 0.703359 0.958843 0.012542 0.030519
1 0.738013 0.981722 0.017161 0.022296
2 0.869703 0.984657 0.012542 0.018778
2 0.838349 0.993458 0.019802 0.017602
0 0.321821 0.870830 0.009902 0.030511
0 0.292777 0.893126 0.025744 0.018776
0 0.540315 0.380888 0.020464 0.017603
0 0.543945 0.401425 0.014526 0.016430
0 0.516880 0.389103 0.009240 0.015256
0 0.781250 0.553395 0.012542 0.022297
0 0.747255 0.552221 0.014521 0.022296
0 0.633388 0.534619 0.009901 0.019950
0 0.604674 0.540486 0.015839 0.017602
2 0.407304 0.434870 0.025084 0.024644
1 0.692797 0.320453 0.012542 0.018776
1 0.679263 0.328081 0.022443 0.017603
1 0.672333 0.411987 0.023104 0.021123
1 0.722172 0.437217 0.005281 0.043419
1 0.696427 0.376195 0.010562 0.052808
1 0.680586 0.373848 0.007922 0.048114
1 0.619857 0.413747 0.006599 0.045767
