2 0.534703 0.521123 0.007917 0.028165
2 0.504339 0.514669 0.025084 0.015256
2 0.502028 0.540486 0.023104 0.019950
1 0.193432 0.589774 0.015843 0.022297
1 0.145245 0.579212 0.010562 0.026991
2 0.375289 0.806873 0.011221 0.024644
2 0.410604 0.815087 0.018483 0.019949
0 0.402023 0.652556 0.017162 0.023470
0 0.370668 0.642581 0.012542 0.029337
0 0.268023 0.562196 0.011882 0.018776
0 0.260762 0.589774 0.019803 0.022297
2 0.226107 0.576278 0.009901 0.030512
1 0.439979 0.315172 0.027064 0.019950
1 0.871682 0.180805 0.012542 0.016429
1 0.855841 0.190194 0.024422 0.018776
1 0.880266 0.241241 0.012542 0.083319
1 0.857823 0.237721 0.008583 0.059849
1 0.824818 0.228919 0.016500 0.075105
