2 0.632729 0.408466 0.019146 0.021123
2 0.602693 0.389690 0.015844 0.016430
2 0.594771 0.409053 0.015844 0.024644
1 0.303009 0.592120 0.011882 0.026991
1 0.267693 0.593881 0.016503 0.018776
2 0.483216 0.607376 0.007921 0.019950
2 0.511930 0.618525 0.012542 0.018777
0 0.557479 0.683654 0.012542 0.029338
0 0.523812 0.700083 0.021783 0.022296
2 0.618865 0.199581 0.023104 0.018776
1 0.896437 0.095725 0.011885 0.012908
1 0.883237 0.102767 0.022443 0.012909
1 0.875977 0.186673 0.022443 0.018777
1 0.905680 0.126237 0.006599 0.048114
1 0.898747 0.149707 0.008578 0.045767
1 0.884557 0.140319 0.009240 0.055155
1 0.824487 0.174351 0.005276 0.064543
1 0.925154 0.198994 0.005943 0.064543
