0 0.309940 0.674266 0.021783 0.017603
0 0.287496 0.512322 0.009902 0.015256
0 0.295087 0.525231 0.009241 0.019950
0 0.273964 0.529925 0.013202 0.015256
0 0.343604 0.563956 0.011221 0.017603
0 0.326112 0.554568 0.019803 0.012908
0 0.323141 0.572171 0.013862 0.017603
0 0.553516 0.553981 0.012542 0.016430
0 0.520841 0.552808 0.013203 0.016429
0 0.419516 0.640235 0.011221 0.017603
0 0.408954 0.658424 0.020463 0.016430
0 0.382220 0.656664 0.007921 0.019950
1 0.538664 0.466555 0.011880 0.017603
1 0.504999 0.455406 0.011882 0.016430
1 0.969380 0.419028 0.013865 0.016430
1 0.985552 0.437804 0.015844 0.014082
1 0.997435 0.492372 0.007922 0.017602
1 0.771349 0.785163 0.012542 0.021123
1 0.735372 0.761106 0.011880 0.017603
1 0.742964 0.783990 0.021781 0.018776
