0 0.344265 0.677200 0.017823 0.028165
0 0.594443 0.464794 0.008583 0.018776
0 0.564406 0.471249 0.014521 0.015256
0 0.351196 0.514082 0.007921 0.014082
0 0.359777 0.526404 0.007921 0.017603
0 0.340304 0.532858 0.013862 0.014081
2 0.368028 0.718860 0.011222 0.012908
2 0.376609 0.730594 0.008581 0.015256
0 0.351856 0.742330 0.009242 0.015256
0 0.460112 0.639648 0.011882 0.018777
0 0.468693 0.654317 0.013202 0.019950
0 0.440969 0.650209 0.018483 0.018776
1 0.994792 0.860855 0.014521 0.019950
1 0.467043 0.536379 0.011222 0.018776
1 0.434368 0.546940 0.011882 0.016429
1 0.913930 0.399665 0.011224 0.017602
