0 0.247560 0.674266 0.006601 0.029338
0 0.194422 0.636714 0.013862 0.048114
0 0.180230 0.646102 0.006601 0.045767
0 0.155806 0.701844 0.007921 0.037553
0 0.195412 0.604442 0.022443 0.014082
2 0.433708 0.632020 0.018483 0.015256
1 0.169998 0.820369 0.016503 0.018776
0 0.650549 0.573344 0.009901 0.012909
0 0.676294 0.594468 0.009901 0.017602
0 0.654180 0.593881 0.011880 0.016429
0 0.562096 0.512909 0.013859 0.014082
1 0.576620 0.577451 0.011219 0.014082
1 0.537016 0.562196 0.012542 0.016429
1 0.507639 0.551634 0.007921 0.016430
1 0.599065 0.539900 0.015182 0.016429
1 0.572000 0.544007 0.013865 0.017603
1 0.598073 0.578038 0.011885 0.012908
