0 0.065042 0.735875 0.012542 0.028164
0 0.168018 0.613831 0.011221 0.011735
0 0.168348 0.632020 0.015842 0.022297
0 0.139964 0.647275 0.021123 0.019949
0 0.343274 0.430176 0.010561 0.019950
0 0.312580 0.433110 0.013862 0.016429
0 0.008934 0.607376 0.017823 0.019950
0 0.015535 0.622632 0.012542 0.019949
1 0.437009 0.415507 0.013202 0.016430
1 0.430408 0.427829 0.011882 0.019949
1 0.455161 0.426656 0.016503 0.017602
1 0.560448 0.821542 0.015844 0.014082
1 0.418196 0.434283 0.013862 0.016430
1 0.424797 0.447192 0.011222 0.014082
1 0.402353 0.448952 0.012542 0.017603
1 0.408954 0.393798 0.008581 0.017603
1 0.403014 0.382063 0.011222 0.017603
1 0.388821 0.398491 0.011882 0.012908
