0 0.262742 0.675440 0.006601 0.036380
0 0.210595 0.640821 0.011882 0.049287
0 0.196402 0.649036 0.007261 0.042246
0 0.171649 0.702431 0.007921 0.043420
0 0.212245 0.608550 0.021783 0.012908
0 0.215545 0.678960 0.020463 0.015256
2 0.448560 0.637888 0.016503 0.015256
0 0.894458 0.448952 0.010562 0.015256
0 0.906669 0.466555 0.015182 0.015256
0 0.901057 0.830343 0.014521 0.017603
0 0.874984 0.824476 0.013865 0.019950
0 0.909310 0.722380 0.015182 0.017603
0 0.872674 0.712406 0.011880 0.016430
1 0.501038 0.695976 0.007921 0.018776
1 0.482886 0.707125 0.013862 0.017603
1 0.187491 0.825650 0.014522 0.017603
1 0.466713 0.856160 0.010561 0.019950
