0 0.270003 0.679547 0.006601 0.049287
0 0.204323 0.661944 0.005941 0.044593
0 0.178910 0.707125 0.009241 0.055155
0 0.219176 0.617938 0.023764 0.015256
0 0.223466 0.689522 0.023104 0.017603
2 0.455822 0.647862 0.020463 0.018776
0 0.218846 0.650209 0.013862 0.053981
1 0.275284 0.822129 0.015842 0.015256
1 0.306969 0.854400 0.013202 0.018776
1 0.281225 0.859094 0.015843 0.016429
1 0.315550 0.674266 0.014522 0.017603
1 0.167358 0.702431 0.011222 0.022296
1 0.138314 0.697737 0.017823 0.019949
