1 0.886867 0.277033 0.011224 0.051634
1 0.852542 0.271166 0.012542 0.046941
0 0.758477 0.482984 0.013203 0.015256
0 0.740323 0.475356 0.008583 0.014082
1 0.619857 0.333948 0.017161 0.015256
0 0.803362 0.519363 0.017161 0.012909
0 0.807654 0.535205 0.011224 0.016429
0 0.787190 0.529338 0.011224 0.018776
2 0.509949 0.458341 0.008581 0.015256
2 0.531404 0.471249 0.011880 0.015256
1 0.372649 0.480050 0.013862 0.014082
1 0.429747 0.496480 0.017162 0.016430
1 0.408294 0.496480 0.009901 0.018776
1 0.584211 0.506455 0.006599 0.015256
1 0.568698 0.515843 0.012542 0.015256
