1 0.958818 0.309891 0.016500 0.018777
0 0.842641 0.651383 0.011219 0.016429
0 0.820195 0.650796 0.011224 0.017603
0 0.701378 0.806286 0.008578 0.018776
0 0.681576 0.816848 0.015182 0.018776
0 0.572659 0.785163 0.011224 0.016430
0 0.559458 0.802766 0.021781 0.016430
0 0.572331 0.422549 0.013203 0.014082
0 0.548896 0.414921 0.007260 0.017603
1 0.633388 0.551634 0.011224 0.016430
1 0.603023 0.550461 0.009901 0.016430
1 0.644281 0.395558 0.015844 0.014082
1 0.627448 0.385582 0.012542 0.015256
1 0.621177 0.398492 0.010562 0.015256
1 0.717221 0.423135 0.008578 0.015256
1 0.210594 0.432523 0.017162 0.010561
1 0.226767 0.440738 0.009902 0.017603
1 0.207294 0.446019 0.011882 0.014081
