0 0.145905 0.651970 0.014522 0.017603
0 0.146895 0.673093 0.019143 0.022296
0 0.119831 0.690109 0.019143 0.021123
0 0.267033 0.521123 0.009902 0.018776
0 0.294757 0.529925 0.015182 0.019949
0 0.093757 0.567477 0.011882 0.015256
0 0.084515 0.586840 0.015842 0.018776
0 0.199703 0.517016 0.009902 0.019950
0 0.191121 0.535792 0.015182 0.017603
0 0.171318 0.531098 0.008582 0.019950
1 0.754516 0.416681 0.009240 0.021123
1 0.766070 0.431936 0.020464 0.018776
1 0.648901 0.823889 0.017167 0.021124
1 0.667383 0.436044 0.014526 0.015256
1 0.683885 0.448366 0.011885 0.016430
1 0.662432 0.451299 0.011219 0.019950
