1 0.979943 0.300503 0.017823 0.016429
0 0.806333 0.708298 0.012542 0.015256
0 0.782570 0.708885 0.011224 0.016429
0 0.723492 0.799245 0.010557 0.018776
0 0.701049 0.805113 0.013203 0.018776
0 0.556159 0.765213 0.009901 0.016429
0 0.541964 0.781056 0.019802 0.015256
0 0.614576 0.423722 0.011880 0.016429
0 0.588831 0.415507 0.007922 0.016430
1 0.751547 0.634954 0.012542 0.014081
1 0.718542 0.632606 0.011219 0.016430
1 0.685536 0.398492 0.013865 0.015256
1 0.667714 0.386169 0.011219 0.016430
1 0.661112 0.397905 0.009901 0.016430
1 0.662763 0.420201 0.009245 0.011735
1 0.672333 0.438391 0.012542 0.012909
1 0.375949 0.410227 0.011222 0.015256
1 0.388161 0.425482 0.014522 0.015256
