1 0.898417 0.252389 0.021125 0.016429
0 0.029727 0.608550 0.013202 0.012908
0 0.026097 0.628500 0.019143 0.017603
0 0.178580 0.461274 0.015182 0.016430
2 0.149535 0.453646 0.008581 0.017602
0 0.136993 0.808046 0.012542 0.019950
0 0.127422 0.835038 0.017162 0.017603
0 0.102338 0.830930 0.007921 0.021123
0 0.104648 0.443672 0.021783 0.014082
0 0.105639 0.459514 0.014522 0.017602
1 0.846932 0.789857 0.015844 0.018776
1 0.809635 0.728248 0.008583 0.017603
1 0.957828 0.694216 0.014521 0.022296
1 0.922182 0.664878 0.010562 0.017603
1 0.925482 0.686588 0.022443 0.018776
1 0.849898 0.419028 0.015182 0.016430
1 0.867062 0.435457 0.012542 0.016429
1 0.843630 0.433110 0.010562 0.016429
