0 0.015205 0.592120 0.014522 0.022296
0 0.025436 0.605616 0.012542 0.023470
0 0.134353 0.494719 0.009902 0.019950
0 0.164388 0.498239 0.014522 0.017603
0 0.123131 0.554569 0.011222 0.015256
0 0.118510 0.573344 0.015182 0.017602
0 0.095077 0.574518 0.014522 0.017603
1 0.878617 0.627326 0.013203 0.017602
1 0.894128 0.646102 0.021786 0.017603
1 0.881586 0.751718 0.015182 0.017603
1 0.896768 0.493546 0.016505 0.017603
1 0.913930 0.507628 0.011224 0.015256
1 0.892807 0.511735 0.013865 0.018776
1 0.982911 0.321039 0.019802 0.017603
