1 0.886867 0.277033 0.011224 0.051634
1 0.869042 0.263537 0.007260 0.022297
1 0.852542 0.271166 0.012542 0.046941
0 0.758477 0.482984 0.013203 0.015256
0 0.740323 0.475356 0.008583 0.014082
1 0.684875 0.325147 0.017823 0.014082
0 0.745276 0.552221 0.014521 0.017603
0 0.725143 0.544594 0.009901 0.018776
2 0.526122 0.464208 0.010557 0.015256
2 0.507969 0.450126 0.007261 0.015256
1 0.390141 0.465381 0.007921 0.015256
1 0.363408 0.465968 0.013862 0.014082
1 0.409615 0.475943 0.008581 0.015256
1 0.419186 0.491199 0.018483 0.015256
1 0.589161 0.582145 0.019146 0.011735
1 0.573320 0.587427 0.005943 0.015256
1 0.590810 0.599162 0.013203 0.012908
