1 0.886867 0.277033 0.011224 0.051634
1 0.852542 0.271166 0.012542 0.046941
0 0.758477 0.482984 0.013203 0.015256
0 0.740323 0.475356 0.008583 0.014082
1 0.726133 0.321040 0.017161 0.015256
1 0.869042 0.264125 0.007260 0.021123
0 0.727122 0.531098 0.015182 0.015256
0 0.711281 0.521123 0.008583 0.018776
2 0.526453 0.464208 0.011219 0.012908
2 0.508299 0.449539 0.007921 0.016430
1 0.357467 0.462448 0.011222 0.016429
1 0.365058 0.497066 0.007921 0.015256
1 0.374299 0.512322 0.019803 0.015256
1 0.634380 0.597988 0.010563 0.015256
1 0.621505 0.615591 0.012542 0.012909
1 0.101018 0.896060 0.013202 0.022297
1 0.084845 0.923050 0.017823 0.017603
