0 0.231058 0.537552 0.007921 0.014082
0 0.223797 0.558675 0.011882 0.016429
0 0.203993 0.555155 0.006601 0.016429
0 0.205314 0.475356 0.010561 0.014082
0 0.198713 0.493545 0.011882 0.015256
0 0.149205 0.651383 0.011882 0.014082
0 0.140624 0.672506 0.019803 0.018777
0 0.112240 0.677787 0.014522 0.017603
0 0.255811 0.518189 0.013862 0.017603
0 0.228087 0.512908 0.008581 0.018776
1 0.642628 0.862028 0.015182 0.017603
1 0.725471 0.394971 0.007922 0.015256
1 0.738346 0.409053 0.020464 0.015256
1 0.679596 0.472422 0.011224 0.015256
1 0.688836 0.447779 0.009901 0.015256
