0 0.176269 0.624979 0.007921 0.043420
0 0.191782 0.583319 0.023104 0.014082
0 0.191782 0.626153 0.012542 0.026991
0 0.197063 0.654317 0.021783 0.015256
0 0.153496 0.691282 0.005941 0.016430
1 0.167688 0.798659 0.017162 0.017603
2 0.430738 0.609137 0.016503 0.016429
0 0.708641 0.251216 0.011219 0.011735
0 0.714250 0.263537 0.009240 0.012908
0 0.695107 0.262951 0.011880 0.014081
1 0.310930 0.772841 0.010561 0.017603
1 0.284856 0.746437 0.011222 0.014082
1 0.284856 0.770494 0.012542 0.012908
1 0.279245 0.589187 0.013202 0.016429
1 0.245910 0.590947 0.012542 0.017603
1 0.649232 0.525230 0.011224 0.017603
1 0.623487 0.522297 0.019141 0.016429
1 0.619195 0.505868 0.007922 0.014081
