0 0.289476 0.690695 0.012542 0.024644
1 0.963438 0.453646 0.016500 0.015256
1 0.589490 0.410226 0.019802 0.010562
1 0.589161 0.426656 0.013865 0.015256
1 0.572990 0.453646 0.009240 0.012909
1 0.595763 0.473596 0.008578 0.017603
1 0.575630 0.473596 0.011885 0.015256
0 0.499058 0.599162 0.010561 0.017603
0 0.479255 0.606789 0.014522 0.016429
0 0.565068 0.688935 0.011885 0.018776
0 0.532062 0.687175 0.011885 0.019950
0 0.367038 0.619111 0.006601 0.015256
0 0.386511 0.639648 0.020463 0.018777
