1 0.645271 0.288181 0.017823 0.015256
1 0.840328 0.239481 0.010562 0.049287
1 0.806003 0.234200 0.011880 0.050461
0 0.701708 0.570997 0.007917 0.019950
0 0.683885 0.587426 0.013198 0.017603
0 0.690159 0.864962 0.009901 0.018776
0 0.721844 0.882564 0.007260 0.021123
0 0.699398 0.889019 0.015182 0.017603
0 0.423147 0.535792 0.009241 0.017603
0 0.408954 0.546354 0.017822 0.015256
0 0.342284 0.502934 0.011222 0.015256
0 0.313900 0.500587 0.009901 0.017603
1 0.418526 0.502934 0.007921 0.017603
1 0.376279 0.411400 0.007921 0.015256
1 0.358127 0.410813 0.017823 0.011735
1 0.355816 0.425482 0.017162 0.015256
1 0.544276 0.474183 0.008583 0.014082
1 0.568698 0.488852 0.005937 0.015256
1 0.552526 0.492959 0.013198 0.016429
