0 0.092767 0.603269 0.023103 0.016429
0 0.095407 0.619112 0.021783 0.017603
0 0.073293 0.604442 0.011882 0.021123
0 0.166038 0.498826 0.013862 0.018777
0 0.170989 0.534619 0.013202 0.017602
0 0.164388 0.555742 0.015843 0.022296
0 0.143594 0.550461 0.008581 0.018776
1 0.879935 0.626739 0.009245 0.016429
1 0.890497 0.642581 0.021120 0.017602
1 0.875974 0.747024 0.015844 0.019950
1 0.908651 0.740570 0.008583 0.021123
1 0.895448 0.492959 0.013865 0.021123
1 0.889177 0.508215 0.010562 0.023470
1 0.911620 0.509975 0.013198 0.015256
