1 0.935716 0.250629 0.015182 0.019949
0 0.124782 0.604442 0.014522 0.014082
0 0.122141 0.623219 0.017162 0.023470
0 0.091777 0.637301 0.017162 0.018776
0 0.270003 0.433110 0.015842 0.016429
0 0.216865 0.739983 0.008582 0.019949
0 0.195082 0.752305 0.015182 0.021123
0 0.249870 0.445432 0.011222 0.017603
0 0.243599 0.464795 0.013202 0.016429
0 0.222806 0.461861 0.007261 0.015256
1 0.820526 0.613244 0.015844 0.019950
1 0.348885 0.413747 0.016503 0.015256
1 0.352846 0.431350 0.012542 0.015256
2 0.333043 0.427242 0.009902 0.016429
1 0.683888 0.363873 0.007922 0.016429
1 0.693458 0.383236 0.012542 0.017603
