1 0.598401 0.291702 0.017823 0.012909
1 0.840659 0.234787 0.008578 0.051634
1 0.822508 0.223638 0.006599 0.024644
1 0.806003 0.228332 0.013203 0.048114
0 0.746594 0.454233 0.014521 0.014082
0 0.725143 0.489438 0.013859 0.014082
0 0.707651 0.480050 0.009240 0.016429
0 0.349215 0.508801 0.011882 0.015256
0 0.323802 0.504694 0.017823 0.016429
0 0.318191 0.490612 0.009242 0.011735
1 0.417536 0.502347 0.011221 0.016430
1 0.386511 0.489438 0.007261 0.016429
1 0.354826 0.410813 0.013862 0.016429
1 0.336013 0.403186 0.014522 0.012908
1 0.330733 0.417854 0.013202 0.016429
1 0.555828 0.473009 0.010562 0.016430
1 0.534703 0.472422 0.010562 0.015256
1 0.826138 0.236547 0.004620 0.024644
