1 0.886867 0.277033 0.011224 0.051634
1 0.852542 0.271166 0.012542 0.046941
0 0.758477 0.482984 0.013203 0.015256
0 0.740323 0.475356 0.008583 0.014082
1 0.616885 0.333948 0.016500 0.012909
1 0.869372 0.264125 0.007922 0.021123
0 0.807654 0.510562 0.011224 0.014082
0 0.803362 0.531685 0.013203 0.018777
0 0.780922 0.529925 0.010562 0.015256
2 0.527112 0.464795 0.011224 0.014082
2 0.508299 0.449539 0.007921 0.014082
1 0.371989 0.475356 0.012542 0.016430
1 0.442289 0.480637 0.009241 0.015256
1 0.448891 0.492959 0.006601 0.021123
1 0.426117 0.494719 0.019143 0.015256
1 0.589492 0.516429 0.009245 0.016429
1 0.568367 0.518776 0.011880 0.016429
