1 0.970701 0.258257 0.020464 0.016429
0 0.133363 0.594468 0.014522 0.017602
0 0.127422 0.613244 0.021123 0.017603
0 0.096397 0.623806 0.015842 0.022296
0 0.273634 0.410227 0.008581 0.015256
0 0.247230 0.420788 0.012542 0.015256
0 0.150195 0.807460 0.009901 0.021123
0 0.127422 0.821542 0.015843 0.018776
0 0.248220 0.446606 0.007921 0.015256
0 0.238318 0.465968 0.014522 0.016429
1 0.821846 0.582732 0.015839 0.019950
1 0.396413 0.404359 0.008581 0.015256
1 0.405984 0.419028 0.010561 0.014081
1 0.750227 0.405532 0.009901 0.015256
1 0.760458 0.425482 0.014521 0.015256
