0 0.201683 0.488265 0.013862 0.016430
0 0.170328 0.483571 0.010562 0.016429
0 0.170659 0.398491 0.016503 0.012908
0 0.155476 0.411987 0.012542 0.014082
0 0.227757 0.693629 0.022443 0.018777
0 0.203663 0.675440 0.012542 0.022296
1 0.947596 0.678961 0.011224 0.017603
1 0.961786 0.700670 0.026406 0.018776
1 0.829768 0.828583 0.017161 0.021123
1 0.732404 0.728248 0.013859 0.012908
1 0.734385 0.754652 0.012542 0.018776
1 0.709299 0.760519 0.015182 0.014081
1 0.859805 0.417268 0.009901 0.012909
1 0.872344 0.437218 0.013865 0.015256
1 0.967070 0.253563 0.022443 0.016430
