1 0.834388 0.393210 0.009245 0.011735
1 0.827128 0.409640 0.019807 0.014081
1 0.797091 0.410226 0.009901 0.017603
1 0.766398 0.424309 0.013203 0.017603
1 0.267363 0.616178 0.007921 0.018776
1 0.246900 0.626739 0.014522 0.014082
1 0.318521 0.688935 0.012542 0.018776
1 0.327102 0.703604 0.008581 0.019949
0 0.115870 0.768734 0.013862 0.014082
0 0.111249 0.794551 0.016502 0.016430
0 0.085175 0.795138 0.011882 0.017603
0 0.330072 0.507628 0.007921 0.015256
0 0.313900 0.498240 0.020464 0.010561
0 0.312580 0.515256 0.013862 0.014081
0 0.280565 0.746437 0.015842 0.016430
0 0.164388 0.661357 0.022444 0.015256
0 0.169008 0.680721 0.022443 0.016429
0 0.143264 0.665465 0.011882 0.021123
