0 0.140954 0.685415 0.016503 0.025817
0 0.150195 0.698910 0.012542 0.022296
0 0.120821 0.700670 0.022444 0.021123
0 0.239639 0.474183 0.015842 0.018777
0 0.370339 0.767561 0.007921 0.021123
0 0.402023 0.753478 0.009242 0.021123
0 0.391132 0.775188 0.013862 0.019950
1 0.865083 0.613830 0.017823 0.021123
1 0.885875 0.625566 0.014521 0.018776
1 0.857492 0.627326 0.017161 0.022296
1 0.889836 0.731181 0.017161 0.018776
1 0.773000 0.465968 0.010562 0.014082
1 0.775310 0.487091 0.013859 0.016429
1 0.795443 0.484158 0.009240 0.017603
1 0.948255 0.322800 0.021781 0.021123
