0 0.372649 0.784576 0.011222 0.022297
0 0.350206 0.785750 0.021783 0.015256
0 0.346575 0.805700 0.021123 0.019949
0 0.320171 0.741743 0.011882 0.018777
1 0.622826 0.870243 0.011224 0.019950
1 0.655503 0.894300 0.011880 0.018777
1 0.628437 0.896060 0.013198 0.017603
1 0.691148 0.322213 0.013203 0.015256
1 0.672664 0.314586 0.014526 0.014082
1 0.667714 0.329255 0.013865 0.015256
1 0.619195 0.485918 0.007922 0.018776
1 0.947266 0.594468 0.018479 0.017602
1 0.966409 0.612070 0.014526 0.017603
1 0.940664 0.611483 0.013203 0.016430
