1 0.692797 0.284074 0.017823 0.014081
1 0.841320 0.240654 0.009901 0.049288
1 0.822836 0.227745 0.005943 0.023470
1 0.806995 0.235373 0.012542 0.045767
0 0.651211 0.841492 0.015182 0.016430
0 0.845279 0.752892 0.009901 0.019950
0 0.828448 0.742917 0.022448 0.016430
0 0.825146 0.759933 0.014521 0.017603
0 0.423477 0.558089 0.015182 0.012909
0 0.428097 0.572758 0.013862 0.016429
0 0.403674 0.562196 0.013862 0.018776
0 0.311920 0.466555 0.012542 0.017603
1 0.441299 0.534032 0.012542 0.014082
1 0.360107 0.424308 0.015182 0.015256
1 0.341624 0.415507 0.013862 0.014082
1 0.336673 0.429003 0.013202 0.015256
1 0.566719 0.495893 0.011219 0.015256
1 0.551867 0.481811 0.011880 0.012908
1 0.545594 0.495306 0.008583 0.016429
1 0.826469 0.245349 0.003958 0.021123
