0 0.193102 0.590360 0.021783 0.016430
0 0.244590 0.666051 0.005941 0.017603
0 0.177589 0.632020 0.007921 0.043419
0 0.191452 0.635540 0.010561 0.029338
0 0.152506 0.694216 0.006601 0.024644
1 0.167688 0.807460 0.015843 0.014082
2 0.431398 0.619112 0.015182 0.017603
0 0.197722 0.664292 0.021783 0.016430
0 0.243599 0.402012 0.009242 0.015256
0 0.783232 0.578625 0.013859 0.016430
0 0.765078 0.569237 0.009240 0.018776
2 0.509290 0.480050 0.008581 0.016429
1 0.503018 0.764040 0.007921 0.018776
1 0.485526 0.750544 0.020463 0.012909
1 0.482225 0.766974 0.013862 0.017603
1 0.721844 0.541660 0.017823 0.012908
1 0.725802 0.556915 0.017823 0.017603
1 0.700388 0.545767 0.011880 0.018776
