0 0.127422 0.613244 0.013202 0.012908
0 0.127092 0.631433 0.017822 0.021123
0 0.097387 0.645515 0.017822 0.021123
0 0.291127 0.454819 0.011882 0.015256
0 0.245250 0.613831 0.009902 0.018776
0 0.227097 0.626153 0.014522 0.015256
0 0.220826 0.518190 0.013862 0.015256
0 0.200363 0.512322 0.008581 0.015256
1 0.876305 0.675440 0.011224 0.019950
1 0.840000 0.664878 0.013865 0.019949
1 0.373969 0.417854 0.011221 0.014082
1 0.352186 0.397905 0.011222 0.011735
1 0.352846 0.418441 0.011222 0.015256
1 0.468363 0.373261 0.012542 0.016429
1 0.483876 0.386756 0.010561 0.015256
1 0.462753 0.386169 0.009242 0.018776
