0 0.243599 0.674266 0.006601 0.022297
0 0.193102 0.599749 0.020463 0.014082
0 0.197063 0.670159 0.021783 0.016429
0 0.176599 0.641408 0.007261 0.043419
0 0.152506 0.701257 0.009242 0.026991
2 0.430408 0.628499 0.015842 0.015256
0 0.191782 0.635541 0.012542 0.038726
2 0.225117 0.404946 0.007921 0.014082
0 0.764089 0.608550 0.008583 0.015256
0 0.738674 0.589773 0.010557 0.015256
0 0.743294 0.610310 0.013203 0.016430
2 0.509949 0.484157 0.008581 0.015256
1 0.530742 0.693629 0.009245 0.016429
1 0.512920 0.684828 0.018483 0.012909
1 0.509620 0.701257 0.013202 0.015256
1 0.167358 0.813914 0.016503 0.017603
1 0.512920 0.796312 0.010562 0.017603
1 0.476285 0.787510 0.012542 0.021123
1 0.732404 0.542833 0.019141 0.012908
1 0.735703 0.558088 0.019146 0.017603
1 0.710948 0.544594 0.010562 0.018776
