0 0.096397 0.671919 0.022443 0.015256
0 0.102338 0.689522 0.019803 0.017603
0 0.072634 0.678960 0.017163 0.019950
0 0.260762 0.707125 0.011882 0.017603
0 0.224457 0.755238 0.015842 0.017603
1 0.175609 0.732942 0.021123 0.012908
1 0.176269 0.752305 0.015843 0.016430
1 0.758807 0.395558 0.008583 0.014082
1 0.752536 0.413160 0.018479 0.014081
1 0.730422 0.435457 0.013865 0.014082
1 0.700057 0.427242 0.011219 0.016429
1 0.311260 0.827409 0.013862 0.018776
1 0.285846 0.825649 0.011882 0.019950
1 0.939016 0.292875 0.023104 0.015256
