1 0.977299 0.315759 0.021786 0.014082
0 0.413905 0.739396 0.011882 0.018776
0 0.421826 0.753478 0.010562 0.018777
0 0.400043 0.758759 0.014522 0.015256
0 0.444270 0.819782 0.014522 0.017603
0 0.309279 0.786337 0.011222 0.016429
0 0.317530 0.804526 0.009241 0.017602
0 0.291457 0.806286 0.021783 0.016430
0 0.672005 0.473596 0.014521 0.015256
1 0.639000 0.808046 0.010562 0.022296
1 0.779271 0.399078 0.011219 0.016429
1 0.796432 0.410227 0.017823 0.015256
1 0.772669 0.409640 0.011224 0.016430
1 0.737023 0.453646 0.009901 0.012909
1 0.749565 0.470662 0.013859 0.014082
1 0.711940 0.442498 0.008578 0.016430
