0 0.270003 0.679547 0.006601 0.049287
0 0.217526 0.650209 0.011222 0.046941
0 0.204323 0.661944 0.005941 0.044593
0 0.178910 0.707125 0.009241 0.055155
0 0.219176 0.617938 0.023764 0.015256
0 0.223466 0.689522 0.023104 0.017603
2 0.455822 0.647862 0.020463 0.018776
1 0.282875 0.832690 0.013862 0.017603
1 0.257792 0.828583 0.011222 0.018777
1 0.442949 0.842665 0.010561 0.016429
1 0.417205 0.810394 0.011882 0.015256
1 0.419186 0.839144 0.013202 0.018776
1 0.380570 0.831517 0.011221 0.017602
1 0.133693 0.664878 0.017823 0.017603
1 0.141944 0.678374 0.013202 0.014082
1 0.109269 0.673093 0.016503 0.015256
