1 0.947927 0.284661 0.019802 0.015256
0 0.215875 0.700084 0.014522 0.017603
0 0.187821 0.694216 0.009902 0.019950
0 0.105639 0.432523 0.010561 0.017602
0 0.093427 0.451886 0.013862 0.014081
0 0.112900 0.444258 0.007921 0.015256
2 0.873664 0.602682 0.009901 0.019950
2 0.901388 0.614418 0.020464 0.015256
1 0.824156 0.633193 0.008583 0.017603
1 0.792802 0.644929 0.013198 0.019950
1 0.874656 0.440738 0.009240 0.015256
1 0.865414 0.448365 0.007922 0.014082
1 0.883896 0.463621 0.014521 0.014081
1 0.551536 0.447192 0.008583 0.011735
1 0.561438 0.466555 0.011219 0.012908
