0 0.346905 0.818608 0.020463 0.017603
0 0.317860 0.818021 0.015182 0.025817
1 0.933073 0.298743 0.016500 0.017603
0 0.231388 0.728834 0.013862 0.018776
0 0.203663 0.725900 0.009902 0.017603
0 0.776299 0.504694 0.010557 0.014082
0 0.755508 0.504694 0.011224 0.016429
2 0.772339 0.597401 0.018479 0.016429
2 0.773000 0.615004 0.019802 0.016429
2 0.748245 0.602682 0.008583 0.019950
1 0.472984 0.797485 0.011221 0.017603
1 0.436678 0.798072 0.013862 0.014082
1 0.528763 0.759346 0.013203 0.018777
1 0.504669 0.752891 0.008581 0.017603
