1 0.850891 0.291702 0.015844 0.015256
1 0.789500 0.586253 0.019802 0.015256
1 0.770029 0.563369 0.011224 0.016430
1 0.762109 0.575692 0.012542 0.022296
1 0.633060 0.517603 0.011880 0.014081
1 0.774320 0.519363 0.006599 0.019950
1 0.755505 0.526991 0.012542 0.014081
1 0.750227 0.507041 0.009901 0.011735
0 0.067683 0.673093 0.009902 0.017603
0 0.056791 0.698910 0.018483 0.015256
0 0.215545 0.835037 0.019143 0.019950
0 0.184191 0.841491 0.019803 0.021123
0 0.344925 0.723554 0.013862 0.015256
0 0.322151 0.717686 0.007921 0.015256
0 0.169338 0.325734 0.016503 0.010562
0 0.173299 0.341576 0.012542 0.016430
0 0.154486 0.338642 0.009242 0.012908
