1 0.921193 0.311652 0.019146 0.015256
1 0.862112 0.615004 0.011880 0.016429
1 0.831089 0.617938 0.017167 0.019950
1 0.633719 0.518776 0.010563 0.014082
1 0.774979 0.519363 0.006604 0.015256
1 0.750557 0.504694 0.009240 0.011735
1 0.755836 0.528164 0.013203 0.016429
0 0.066363 0.671919 0.009902 0.017603
0 0.056791 0.699497 0.014522 0.016429
0 0.215545 0.833864 0.016503 0.022296
0 0.185181 0.842078 0.017823 0.019949
0 0.354826 0.730008 0.015182 0.016429
0 0.329412 0.725314 0.010561 0.018776
0 0.163067 0.332188 0.011882 0.011735
0 0.169008 0.340989 0.009241 0.015256
0 0.151185 0.348617 0.013202 0.014082
