0 0.378920 0.818608 0.009242 0.019950
0 0.364398 0.843838 0.022443 0.021123
0 0.342284 0.833277 0.008581 0.023470
1 0.906669 0.311652 0.019141 0.015256
0 0.365718 0.749371 0.014522 0.010562
0 0.339314 0.749371 0.009241 0.017603
0 0.059432 0.677200 0.022443 0.014081
0 0.061742 0.696563 0.016503 0.017602
0 0.041939 0.688348 0.008581 0.019950
0 0.217526 0.330428 0.013862 0.017602
0 0.223796 0.340989 0.009242 0.012908
0 0.204323 0.344510 0.011222 0.015256
1 0.573979 0.810394 0.013865 0.019950
1 0.549227 0.802179 0.007922 0.015256
1 0.847919 0.704778 0.015182 0.015256
1 0.830099 0.683654 0.016500 0.017603
1 0.821846 0.694803 0.010557 0.018776
1 0.690159 0.769907 0.009901 0.016430
1 0.700057 0.796898 0.013865 0.014081
