0 0.324792 0.816848 0.021123 0.018776
1 0.822839 0.301090 0.017823 0.012908
0 0.263072 0.726488 0.012542 0.018777
0 0.236338 0.723554 0.009241 0.017602
0 0.857820 0.666638 0.015182 0.018777
0 0.791482 0.508214 0.013203 0.014082
2 0.840661 0.639648 0.012542 0.018777
2 0.814917 0.627913 0.017823 0.016429
2 0.810297 0.641408 0.017823 0.017603
1 0.486186 0.811567 0.013862 0.015256
1 0.719862 0.674853 0.011224 0.016429
1 0.717221 0.701257 0.013859 0.015256
1 0.694117 0.691282 0.009901 0.018776
1 0.565068 0.732942 0.011885 0.019950
1 0.578930 0.756999 0.014526 0.014082
1 0.556156 0.747611 0.008583 0.016429
