1 0.994464 0.307544 0.013865 0.014082
1 0.718542 0.497653 0.013865 0.014082
1 0.711940 0.509388 0.013859 0.016430
1 0.742305 0.515256 0.013859 0.014081
1 0.645268 0.505281 0.009901 0.015256
1 0.738344 0.544007 0.012542 0.012908
1 0.716891 0.539313 0.007917 0.015256
0 0.067353 0.673093 0.010562 0.015256
0 0.057781 0.697150 0.015182 0.014082
0 0.193432 0.814501 0.021123 0.018776
0 0.164057 0.816261 0.015182 0.024644
0 0.197722 0.786924 0.011222 0.012908
0 0.315550 0.680721 0.014522 0.016429
0 0.293437 0.674267 0.008581 0.015256
0 0.178580 0.326320 0.012542 0.011735
0 0.185841 0.338642 0.009902 0.012908
0 0.166038 0.344510 0.012542 0.015256
