1 0.613917 0.248869 0.015844 0.011735
1 0.645271 0.317519 0.005937 0.038726
1 0.624807 0.282313 0.007260 0.036379
1 0.613586 0.275273 0.009901 0.038726
1 0.573979 0.307544 0.005938 0.039899
1 0.611273 0.306957 0.017161 0.012909
2 0.472324 0.329255 0.015182 0.015256
0 0.291457 0.701844 0.016503 0.023470
0 0.263733 0.704191 0.016503 0.018776
0 0.365058 0.667812 0.009242 0.016430
0 0.341294 0.672506 0.014522 0.014082
1 0.651539 0.612657 0.013203 0.014082
1 0.670352 0.633193 0.020464 0.017603
1 0.644281 0.626739 0.010562 0.021123
2 0.159767 0.639061 0.017162 0.015256
2 0.179900 0.651969 0.011221 0.015256
2 0.154816 0.654904 0.012542 0.018776
1 0.030057 0.975856 0.016502 0.019954
1 0.716560 0.753478 0.015182 0.018777
1 0.704349 0.728248 0.010562 0.015256
0 0.511270 0.296983 0.009901 0.014082
0 0.516551 0.309305 0.007261 0.012909
