1 0.888846 0.218944 0.019141 0.015256
1 0.922182 0.289355 0.009240 0.038726
1 0.900729 0.253563 0.007260 0.037552
1 0.889177 0.247695 0.007917 0.037552
1 0.845940 0.277619 0.005943 0.038726
1 0.884557 0.278206 0.019802 0.016430
2 0.738344 0.294049 0.017823 0.015256
0 0.318191 0.789857 0.010561 0.021123
0 0.688508 0.618525 0.007922 0.018777
1 0.301688 0.894300 0.015842 0.021123
2 0.423807 0.582732 0.015842 0.015256
2 0.443280 0.597401 0.008581 0.016429
2 0.419516 0.596815 0.011221 0.015256
