1 0.803034 0.211316 0.017818 0.014082
1 0.819208 0.240654 0.010562 0.049288
1 0.784552 0.235374 0.013865 0.048114
1 0.532062 0.302263 0.019802 0.012908
2 0.609625 0.612657 0.019146 0.016429
2 0.584542 0.602682 0.008583 0.019950
1 0.530411 0.657837 0.012542 0.015256
1 0.499388 0.644342 0.008581 0.018776
1 0.587841 0.421962 0.009901 0.012908
1 0.599724 0.441325 0.012542 0.014082
1 0.580909 0.431937 0.007922 0.016429
1 0.373639 0.548114 0.011882 0.016430
1 0.350866 0.549288 0.009901 0.016429
