1 0.689497 0.240654 0.019141 0.011734
1 0.721182 0.309305 0.007260 0.041072
1 0.701378 0.273513 0.005943 0.035205
1 0.690156 0.268819 0.008583 0.037552
1 0.649891 0.299917 0.005938 0.038726
1 0.686526 0.298156 0.018479 0.014082
2 0.547245 0.319866 0.017167 0.015256
0 0.410605 0.634367 0.013202 0.019950
0 0.387831 0.628500 0.020463 0.012908
0 0.384201 0.644929 0.019803 0.015256
0 0.279245 0.500587 0.011882 0.015256
0 0.253171 0.505281 0.012542 0.015256
1 0.791154 0.609724 0.015182 0.017603
1 0.798414 0.624392 0.011224 0.021123
1 0.769698 0.630847 0.019802 0.017603
2 0.236998 0.620872 0.017162 0.014082
2 0.256141 0.636127 0.009241 0.014082
2 0.232708 0.637301 0.009902 0.016430
1 0.110259 0.950625 0.018483 0.021120
0 0.065042 0.484744 0.012542 0.018776
