0 0.341294 0.830343 0.022443 0.017603
1 0.821846 0.277033 0.014526 0.018776
0 0.133693 0.543420 0.020463 0.014082
0 0.152836 0.550461 0.008581 0.014082
0 0.131713 0.559262 0.013863 0.015256
0 0.070323 0.322800 0.009902 0.016430
0 0.078574 0.333948 0.009242 0.012909
0 0.058441 0.339816 0.013862 0.015256
1 0.585203 0.782816 0.012542 0.016429
1 0.555167 0.779295 0.010562 0.018776
1 0.886536 0.629086 0.015844 0.016430
1 0.876635 0.605616 0.010562 0.021123
1 0.718211 0.752892 0.019807 0.019950
1 0.739667 0.768734 0.012542 0.018777
1 0.712930 0.769907 0.013203 0.018776
