0 0.380570 0.785750 0.009902 0.017603
0 0.365718 0.811567 0.014522 0.017603
0 0.345255 0.808047 0.007921 0.012908
0 0.330733 0.730008 0.009241 0.016429
0 0.715570 0.471836 0.015839 0.014082
0 0.721182 0.485331 0.011219 0.015256
0 0.699398 0.482984 0.011224 0.015256
0 0.899737 0.493545 0.017161 0.015256
0 0.905349 0.508214 0.012542 0.014082
0 0.882906 0.506455 0.011219 0.015256
1 0.546583 0.795725 0.014521 0.011735
1 0.517871 0.783403 0.008581 0.015256
1 0.665073 0.812740 0.013865 0.017603
1 0.642630 0.800419 0.008583 0.021123
1 0.663753 0.761106 0.009901 0.015256
1 0.647911 0.738809 0.011219 0.019950
1 0.639328 0.751718 0.008583 0.017603
