1 0.698406 0.270579 0.015844 0.012909
1 0.713919 0.299330 0.011224 0.051635
1 0.696427 0.288181 0.005281 0.024644
1 0.700060 0.305784 0.005943 0.026991
1 0.680586 0.295223 0.013203 0.048114
1 0.590482 0.358006 0.013859 0.018776
0 0.425457 0.474769 0.008581 0.015256
0 0.434038 0.492372 0.012542 0.015256
2 0.448890 0.484744 0.007921 0.014081
2 0.476945 0.664878 0.009902 0.019949
2 0.503018 0.676613 0.018483 0.017603
1 0.453511 0.668399 0.011882 0.017603
1 0.427107 0.667812 0.009241 0.016430
1 0.308619 0.673680 0.009902 0.016430
1 0.286176 0.678374 0.012542 0.016429
