0 0.368358 0.771668 0.011882 0.017603
0 0.358457 0.796312 0.021123 0.017603
0 0.333703 0.789857 0.009902 0.021123
1 0.911951 0.313999 0.019141 0.015256
0 0.370669 0.754065 0.008581 0.017603
0 0.270993 0.413160 0.009902 0.014081
0 0.278585 0.426069 0.007921 0.011735
0 0.259772 0.431350 0.011222 0.012908
1 0.599393 0.795138 0.011880 0.017603
1 0.566057 0.802766 0.012542 0.014081
1 0.952219 0.639061 0.012542 0.019950
1 0.946935 0.664291 0.015182 0.021123
1 0.924161 0.651383 0.009240 0.021123
1 0.815576 0.747611 0.013859 0.016429
1 0.790823 0.737636 0.009240 0.017603
1 0.799073 0.724141 0.013865 0.018776
