0 0.004313 0.778709 0.011222 0.022297
1 0.857164 0.284661 0.015182 0.017603
0 0.166038 0.318693 0.012542 0.015256
0 0.172309 0.331601 0.009241 0.015256
0 0.152176 0.335122 0.012542 0.015256
0 0.073624 0.663118 0.009902 0.018777
0 0.061742 0.689522 0.016503 0.015256
0 0.250530 0.720033 0.016503 0.019950
0 0.258452 0.734115 0.013862 0.022297
0 0.229738 0.738810 0.019803 0.017603
0 0.345915 0.697737 0.011882 0.017603
0 0.318521 0.696563 0.011222 0.017602
1 0.703359 0.466555 0.013865 0.012908
1 0.699727 0.490612 0.017161 0.016430
1 0.672664 0.484157 0.011880 0.015256
1 0.630747 0.496480 0.009901 0.016430
