1 0.605995 0.245935 0.019802 0.012908
1 0.624477 0.279380 0.011880 0.056329
1 0.604674 0.266471 0.006599 0.025817
1 0.585862 0.275860 0.013859 0.056329
1 0.290466 0.365633 0.021123 0.015256
0 0.286176 0.571584 0.008581 0.018776
0 0.261752 0.585666 0.021783 0.016429
1 0.697419 0.407879 0.020464 0.012908
1 0.722831 0.417267 0.013203 0.017603
1 0.693456 0.423135 0.020464 0.015256
2 0.082205 0.700084 0.021783 0.017603
2 0.105969 0.714165 0.012542 0.017603
2 0.076264 0.717686 0.013862 0.015256
1 0.622167 0.428416 0.007260 0.016430
1 0.596753 0.443671 0.014526 0.016430
1 0.798742 0.730595 0.011880 0.017603
1 0.810625 0.758759 0.018479 0.017603
0 0.172969 0.740569 0.013202 0.018776
0 0.198713 0.741743 0.013202 0.018777
0 0.553185 0.539312 0.006599 0.022297
0 0.532724 0.550461 0.015844 0.016430
1 0.607974 0.283487 0.005281 0.026991
