1 0.233038 0.646102 0.010562 0.017603
1 0.225117 0.656077 0.006601 0.018776
1 0.244920 0.668986 0.014522 0.016429
1 0.568039 0.194887 0.016505 0.011735
1 0.584211 0.224225 0.010557 0.049287
1 0.567047 0.212490 0.005281 0.023470
1 0.551206 0.218944 0.011880 0.048114
1 0.373309 0.286421 0.016503 0.014082
0 0.273964 0.458927 0.011882 0.018776
0 0.255811 0.476530 0.017822 0.016430
0 0.280565 0.472422 0.010561 0.019950
0 0.064382 0.856161 0.012542 0.017603
1 0.786203 0.601509 0.014521 0.019949
2 0.763099 0.616764 0.010562 0.015256
2 0.794451 0.617938 0.015182 0.017603
1 0.663094 0.611483 0.007260 0.018776
1 0.688836 0.633194 0.013859 0.015256
1 0.787521 0.659597 0.010562 0.018776
1 0.763758 0.663118 0.013203 0.016429
0 0.489486 0.474183 0.015182 0.016429
