2 0.794453 0.285248 0.017823 0.014082
1 0.942312 0.213663 0.017823 0.014082
1 0.937034 0.269992 0.020464 0.016429
1 0.973669 0.281727 0.007922 0.039899
1 0.953208 0.245348 0.005281 0.035206
1 0.942315 0.241828 0.009901 0.037552
1 0.899078 0.269992 0.006604 0.039899
0 0.554836 0.516429 0.016505 0.016429
0 0.530411 0.514669 0.013865 0.019949
0 0.452851 0.519950 0.007921 0.014082
1 0.375949 0.846773 0.013862 0.017603
1 0.766729 0.843252 0.012542 0.022296
1 0.757159 0.876110 0.022443 0.019950
2 0.492787 0.555155 0.015182 0.011735
2 0.509950 0.569237 0.009902 0.018776
2 0.486186 0.568063 0.011222 0.016429
