1 0.604344 0.255323 0.017823 0.012909
1 0.622826 0.288181 0.011224 0.055156
1 0.603023 0.275273 0.005943 0.026991
1 0.585531 0.282314 0.013198 0.052807
1 0.262412 0.363873 0.016503 0.018777
0 0.291127 0.572758 0.009242 0.021123
0 0.267033 0.586253 0.021783 0.017603
1 0.716560 0.425482 0.015182 0.017603
1 0.691146 0.410813 0.019802 0.014082
1 0.686195 0.427829 0.019141 0.017603
2 0.079895 0.709472 0.019803 0.019949
2 0.103658 0.725314 0.013202 0.018776
2 0.073954 0.726488 0.013202 0.018777
1 0.559786 0.548701 0.009240 0.019950
1 0.793133 0.728248 0.011224 0.019949
1 0.824156 0.744677 0.008583 0.022296
1 0.803034 0.755825 0.019141 0.018776
0 0.318851 0.717687 0.006601 0.017603
0 0.339314 0.727661 0.015842 0.016430
0 0.537013 0.580972 0.008578 0.018776
0 0.515229 0.589774 0.016500 0.017603
