1 0.913271 0.316345 0.019146 0.015256
1 0.684878 0.527578 0.020464 0.015256
1 0.633060 0.519950 0.011880 0.014082
1 0.963107 0.610310 0.007922 0.016430
1 0.956505 0.633780 0.015844 0.016429
1 0.936044 0.621458 0.007922 0.015256
0 0.058111 0.679547 0.011882 0.018776
0 0.046230 0.705364 0.018483 0.018777
2 0.067023 0.690696 0.008581 0.017603
0 0.203993 0.840905 0.021123 0.017603
0 0.173629 0.846772 0.015842 0.022296
0 0.337664 0.722380 0.013862 0.017603
0 0.312580 0.718273 0.007261 0.018776
