1 0.605336 0.248869 0.017161 0.014082
1 0.637680 0.316932 0.006599 0.039900
1 0.617216 0.281727 0.006599 0.035206
1 0.605992 0.275273 0.007922 0.038726
1 0.566719 0.306957 0.005937 0.038726
1 0.603026 0.305197 0.017823 0.014081
2 0.464073 0.329255 0.017163 0.015256
0 0.281225 0.804526 0.018483 0.022296
0 0.252841 0.810980 0.017162 0.021123
0 0.357136 0.664292 0.013202 0.016430
0 0.330733 0.661944 0.009241 0.016430
1 0.640318 0.612657 0.014521 0.018777
1 0.659130 0.633780 0.017823 0.016429
1 0.632729 0.625566 0.011219 0.018776
2 0.152176 0.639061 0.017823 0.012909
2 0.171979 0.653730 0.011222 0.016429
2 0.146565 0.654903 0.011882 0.016429
1 0.022466 0.978792 0.018483 0.021120
1 0.715570 0.728834 0.009245 0.018776
1 0.703687 0.751718 0.014521 0.015256
0 0.504009 0.297569 0.009902 0.017602
0 0.509290 0.308718 0.007261 0.014082
