1 0.596091 0.207796 0.018484 0.011735
1 0.612924 0.240068 0.011224 0.050461
1 0.594115 0.224812 0.005281 0.022296
1 0.578268 0.234787 0.011880 0.051634
1 0.473644 0.296983 0.015182 0.016429
0 0.302018 0.504694 0.017823 0.021123
0 0.275614 0.507041 0.015182 0.018776
1 0.689497 0.554568 0.013859 0.022297
1 0.664414 0.541660 0.020464 0.017603
1 0.660122 0.556329 0.019807 0.018776
2 0.116860 0.620285 0.018483 0.017603
2 0.139304 0.635540 0.010561 0.017603
2 0.112900 0.636714 0.011882 0.019950
1 0.767060 0.639061 0.011880 0.017603
1 0.795771 0.655490 0.007260 0.017603
1 0.774648 0.666052 0.015182 0.015256
