1 0.944294 0.200755 0.019141 0.014082
1 0.960138 0.230093 0.011224 0.053981
1 0.923833 0.224812 0.013865 0.048114
1 0.639659 0.283487 0.015839 0.019950
0 0.054811 0.741743 0.014522 0.018777
0 0.020486 0.732355 0.009241 0.018777
0 0.105639 0.434283 0.009242 0.014081
0 0.098377 0.453646 0.014522 0.015256
2 0.711612 0.591534 0.007922 0.016429
2 0.737354 0.603269 0.018479 0.016429
1 0.630419 0.645515 0.013203 0.018777
1 0.598404 0.631433 0.011224 0.018776
1 0.723164 0.430176 0.009901 0.015256
1 0.732732 0.450126 0.013203 0.012909
1 0.422486 0.481224 0.007921 0.011735
1 0.445590 0.495306 0.006601 0.016429
1 0.425457 0.504107 0.011222 0.012909
