1 0.837029 0.186086 0.019807 0.017603
1 0.853531 0.216011 0.009240 0.051634
1 0.817888 0.210730 0.013203 0.048114
1 0.703359 0.260604 0.017823 0.014082
0 0.894128 0.673680 0.012547 0.018776
0 0.869703 0.669572 0.011219 0.019950
0 0.554177 0.524644 0.013865 0.011735
0 0.538333 0.509975 0.007260 0.017603
2 0.578268 0.570411 0.018484 0.016429
2 0.579591 0.588600 0.018484 0.017602
1 0.553187 0.633193 0.009240 0.017603
1 0.523812 0.642581 0.012543 0.017602
1 0.505329 0.646689 0.009902 0.018776
1 0.481565 0.648449 0.011221 0.015256
