1 0.579589 0.221878 0.015844 0.011735
1 0.596094 0.251802 0.010563 0.048114
1 0.578271 0.240068 0.005281 0.022296
1 0.563417 0.247108 0.012542 0.045767
1 0.334363 0.322213 0.017823 0.012908
0 0.311260 0.495306 0.008582 0.016429
0 0.289476 0.506455 0.019143 0.015256
1 0.800062 0.622632 0.010562 0.019949
1 0.807654 0.635541 0.005943 0.015256
1 0.784883 0.645515 0.022443 0.016429
1 0.083525 0.512322 0.011221 0.015256
1 0.070653 0.532858 0.013202 0.016430
1 0.646922 0.546354 0.010562 0.015256
1 0.614906 0.552221 0.011219 0.017603
1 0.576620 0.381475 0.019146 0.011734
1 0.591802 0.389103 0.005938 0.015256
1 0.574641 0.397905 0.012542 0.016430
0 0.314560 0.601508 0.015182 0.015256
0 0.522492 0.481224 0.009902 0.018776
0 0.503019 0.488265 0.013202 0.016430
