0 0.364398 0.834450 0.021123 0.018777
0 0.358787 0.734702 0.012542 0.016429
0 0.331393 0.729421 0.009242 0.017602
0 0.766068 0.556328 0.011219 0.014082
0 0.772997 0.569824 0.007922 0.017603
0 0.752536 0.573344 0.013198 0.015256
0 0.882576 0.496480 0.019807 0.011735
0 0.882576 0.512909 0.014526 0.016429
1 0.945945 0.647862 0.019807 0.021123
1 0.914260 0.639648 0.014521 0.023469
1 0.523482 0.797485 0.013203 0.012908
1 0.494107 0.784576 0.008581 0.012908
1 0.717883 0.796312 0.015182 0.017603
1 0.648240 0.736463 0.010562 0.019949
1 0.662435 0.761693 0.015182 0.016429
1 0.639990 0.751718 0.008583 0.019949
