0 0.398393 0.789270 0.009902 0.022296
0 0.385521 0.818021 0.017162 0.018776
0 0.354496 0.739396 0.013202 0.018776
0 0.327762 0.734702 0.008581 0.018776
0 0.064712 0.687762 0.010561 0.014082
0 0.063392 0.711819 0.014522 0.017603
0 0.037648 0.714165 0.010562 0.017603
0 0.317201 0.344510 0.012542 0.012908
0 0.322811 0.357419 0.009242 0.015256
0 0.303339 0.359765 0.011222 0.012908
1 0.538336 0.801006 0.015182 0.012909
1 0.511600 0.788097 0.007921 0.015256
1 0.776628 0.814500 0.009901 0.021123
1 0.752536 0.822128 0.013198 0.017603
1 0.717221 0.749958 0.015182 0.016429
1 0.700388 0.727661 0.013203 0.018776
1 0.692138 0.742330 0.009901 0.017603
