2 0.771349 0.281727 0.017823 0.014082
1 0.917229 0.211316 0.017823 0.014082
1 0.912940 0.268231 0.018484 0.015256
1 0.875646 0.267058 0.007260 0.036379
1 0.929115 0.243001 0.007260 0.032858
1 0.948255 0.279380 0.008583 0.037553
1 0.917232 0.238307 0.008578 0.035206
0 0.418196 0.508214 0.011222 0.016429
1 0.353836 0.845599 0.014522 0.017603
1 0.746924 0.869069 0.015182 0.015256
2 0.470674 0.553981 0.015842 0.014081
2 0.487836 0.566890 0.010561 0.016429
2 0.465063 0.566304 0.009902 0.015256
