0 0.356477 0.795138 0.021123 0.017603
0 0.334363 0.787510 0.007261 0.021123
0 0.368688 0.749371 0.009902 0.012908
0 0.087156 0.605029 0.010561 0.017603
0 0.077584 0.626739 0.015182 0.016429
1 0.788180 0.751131 0.022443 0.016429
1 0.761117 0.736463 0.009245 0.019949
1 0.670354 0.829169 0.016500 0.015256
1 0.884885 0.651970 0.021781 0.017603
1 0.906008 0.664878 0.009901 0.017603
1 0.882245 0.667225 0.016500 0.015256
1 0.971359 0.660771 0.009906 0.016429
1 0.950568 0.647863 0.021125 0.016429
1 0.945286 0.664292 0.014521 0.016430
