1 0.596091 0.234200 0.018484 0.015256
1 0.613586 0.267058 0.011224 0.052807
1 0.595102 0.254737 0.005943 0.025818
1 0.576620 0.262951 0.012542 0.056328
1 0.433048 0.326320 0.019803 0.014081
0 0.288486 0.549287 0.015842 0.021123
0 0.259772 0.553981 0.019143 0.018776
1 0.729102 0.395557 0.020464 0.016430
1 0.710620 0.374434 0.011219 0.016430
1 0.703357 0.386756 0.009901 0.017603
1 0.178249 0.552221 0.010561 0.017603
1 0.169668 0.577452 0.014522 0.018776
1 0.618206 0.440151 0.009901 0.014081
2 0.591802 0.445431 0.012542 0.015256
1 0.783229 0.665465 0.023104 0.014082
1 0.784880 0.683654 0.014521 0.017603
1 0.760128 0.674853 0.008578 0.016429
0 0.196402 0.681894 0.008581 0.016429
0 0.218186 0.688349 0.013862 0.017603
0 0.541966 0.524057 0.007922 0.017603
0 0.522162 0.532858 0.015843 0.016430
1 0.598404 0.270579 0.005943 0.026991
