1 0.853859 0.607963 0.007260 0.018776
1 0.816234 0.595054 0.007260 0.016429
1 0.829768 0.619111 0.021120 0.019950
1 0.638339 0.515256 0.010562 0.014081
1 0.791482 0.575105 0.011880 0.014081
1 0.798745 0.590947 0.009240 0.015256
1 0.775641 0.594468 0.014521 0.012909
0 0.062732 0.675440 0.013202 0.017602
0 0.072634 0.691282 0.010562 0.016430
0 0.048210 0.699497 0.015843 0.016429
0 0.213895 0.834450 0.018483 0.023469
0 0.183530 0.842078 0.018483 0.019949
0 0.353506 0.731181 0.012542 0.016430
0 0.327432 0.726488 0.010562 0.018777
0 0.166698 0.315759 0.017823 0.011735
0 0.168348 0.329254 0.013202 0.012908
0 0.152836 0.323973 0.005941 0.011735
