1 0.663753 0.196061 0.016505 0.011735
1 0.679927 0.224225 0.010562 0.051635
1 0.665732 0.230679 0.005943 0.024644
1 0.662432 0.211903 0.004625 0.019949
1 0.646260 0.220118 0.013198 0.045767
1 0.352516 0.273513 0.013202 0.016429
0 0.445590 0.580385 0.009241 0.015256
0 0.425127 0.583319 0.011882 0.016430
0 0.423146 0.562196 0.010561 0.011735
2 0.408294 0.590947 0.011222 0.022296
1 0.402683 0.641995 0.009242 0.021123
1 0.374299 0.654317 0.013202 0.017602
1 0.779930 0.645515 0.008578 0.016429
1 0.754518 0.627326 0.013203 0.015256
1 0.758477 0.653144 0.014526 0.015256
1 0.327102 0.636127 0.009902 0.016429
1 0.303668 0.641408 0.013202 0.015256
