0 0.377600 0.794551 0.009241 0.023470
0 0.361427 0.819781 0.019143 0.019950
1 0.945615 0.309305 0.019146 0.015256
0 0.327762 0.734116 0.009902 0.015256
0 0.109269 0.499413 0.013862 0.017603
0 0.086826 0.501760 0.011221 0.015256
0 0.302678 0.342163 0.015182 0.012909
0 0.307299 0.355658 0.011222 0.014081
0 0.287826 0.355658 0.010561 0.016430
1 0.507309 0.808046 0.012542 0.019950
1 0.602693 0.829756 0.010562 0.018776
1 0.607643 0.859681 0.013859 0.019949
1 0.630750 0.847946 0.007260 0.017603
1 0.669034 0.739396 0.009901 0.018776
1 0.682234 0.763453 0.012542 0.015256
1 0.660784 0.752305 0.007922 0.016430
