0 0.445260 0.833277 0.020463 0.018776
0 0.418526 0.826822 0.011882 0.026991
1 0.885547 0.318106 0.019146 0.014082
0 0.366378 0.749957 0.011882 0.018776
0 0.338984 0.747024 0.009902 0.017603
0 0.053491 0.690109 0.013202 0.018777
0 0.060752 0.704777 0.009241 0.017603
0 0.036988 0.710058 0.015842 0.018776
1 0.742305 0.745850 0.007266 0.019949
1 0.716891 0.755239 0.021125 0.015256
1 0.703359 0.728248 0.007260 0.015256
1 0.815906 0.649623 0.006604 0.017603
1 0.788180 0.663118 0.013203 0.018777
