0 0.393112 0.822715 0.009901 0.016429
0 0.382550 0.849119 0.020463 0.017603
0 0.357797 0.843838 0.009241 0.028164
0 0.351526 0.747611 0.013862 0.018777
0 0.326112 0.741156 0.007921 0.017603
0 0.066033 0.674266 0.010562 0.017603
0 0.064383 0.699497 0.013862 0.016429
0 0.039299 0.702431 0.011222 0.017602
1 0.826797 0.661944 0.013865 0.018776
1 0.801055 0.647863 0.019141 0.016429
1 0.796432 0.663705 0.017823 0.017603
1 0.742633 0.616764 0.013203 0.017603
1 0.716229 0.600922 0.009240 0.018776
