1 0.548234 0.227746 0.012542 0.021123
1 0.536023 0.234200 0.022443 0.015256
1 0.532393 0.310478 0.023099 0.022297
1 0.558466 0.253563 0.009245 0.042246
1 0.551865 0.275273 0.010562 0.050460
1 0.538995 0.269405 0.011219 0.055155
1 0.576292 0.324560 0.005281 0.055156
1 0.484536 0.306371 0.007921 0.061023
2 0.147885 0.358005 0.026404 0.021123
0 0.505329 0.439564 0.013862 0.029338
0 0.477935 0.456580 0.022443 0.023469
0 0.461102 0.288181 0.020463 0.019950
0 0.442619 0.300503 0.015182 0.023469
0 0.467373 0.303437 0.011882 0.022296
0 0.377270 0.286421 0.015182 0.025818
0 0.385851 0.302850 0.015182 0.021123
0 0.358787 0.304024 0.017822 0.021123
1 0.705008 0.852053 0.018484 0.030511
1 0.743294 0.866135 0.023766 0.028165
1 0.161417 0.526991 0.016503 0.023470
1 0.129402 0.512322 0.009242 0.022297
