0 0.049860 0.675440 0.021783 0.017602
1 0.986872 0.336882 0.018484 0.014082
2 0.922510 0.520537 0.008583 0.017603
1 0.903701 0.525230 0.013203 0.017603
1 0.747586 0.926571 0.011224 0.019950
1 0.726792 0.915421 0.009240 0.021120
1 0.214225 0.458927 0.012542 0.016429
1 0.190131 0.455406 0.009242 0.016430
1 0.911620 0.657250 0.013198 0.021123
1 0.873664 0.632606 0.011224 0.016430
1 0.881255 0.654317 0.018479 0.017602
0 0.178910 0.595055 0.011882 0.018776
0 0.208614 0.524057 0.017162 0.019949
0 0.184190 0.531098 0.015842 0.019950
0 0.371989 0.296396 0.008582 0.015256
0 0.380240 0.311065 0.011882 0.014081
0 0.437339 0.749958 0.013862 0.016429
