1 0.539326 0.212490 0.023766 0.018776
1 0.552198 0.207209 0.012542 0.022296
1 0.536023 0.289355 0.022443 0.022296
1 0.487506 0.284661 0.007261 0.062196
1 0.561438 0.233613 0.007260 0.044594
1 0.557146 0.255323 0.009240 0.048114
1 0.542953 0.248869 0.008583 0.046941
1 0.579591 0.302850 0.006599 0.058676
2 0.151516 0.336882 0.025744 0.021123
0 0.413905 0.356832 0.021123 0.021123
0 0.410935 0.336295 0.028384 0.029337
0 0.386511 0.345097 0.020463 0.025818
0 0.466053 0.265298 0.019803 0.021123
0 0.471004 0.285248 0.013862 0.018777
0 0.445260 0.281140 0.013862 0.019949
0 0.022796 0.557502 0.019143 0.021123
0 0.174289 0.521123 0.010561 0.028165
1 0.714581 0.822715 0.019141 0.032858
1 0.753526 0.840318 0.024427 0.025818
1 0.132373 0.510562 0.016503 0.023469
1 0.164717 0.498827 0.011221 0.023470
0 0.192442 0.534032 0.017823 0.021123
