1 0.642299 0.370914 0.039609 0.037552
1 0.668706 0.362700 0.022443 0.028164
1 0.634049 0.524057 0.041589 0.034032
1 0.645930 0.455406 0.013859 0.082146
1 0.672664 0.461861 0.015839 0.090360
1 0.684547 0.437804 0.006604 0.046941
1 0.538664 0.530511 0.010557 0.072757
1 0.723161 0.571584 0.007260 0.070411
0 0.453511 0.529925 0.042246 0.031684
0 0.458792 0.567477 0.025084 0.031685
0 0.414895 0.550461 0.016502 0.032858
1 0.295087 0.600335 0.029044 0.041072
1 0.360107 0.597401 0.028384 0.044594
