1 0.782901 0.328081 0.013198 0.019950
1 0.768708 0.335709 0.023104 0.021123
1 0.763099 0.419028 0.026406 0.021124
1 0.709630 0.408466 0.006604 0.065716
1 0.770687 0.373848 0.012542 0.057503
1 0.785542 0.380302 0.009240 0.049287
1 0.792802 0.359766 0.007917 0.050461
1 0.812935 0.435457 0.008578 0.063369
2 0.341294 0.459514 0.026404 0.026991
0 0.433378 0.519950 0.011222 0.028164
0 0.403014 0.545767 0.019143 0.021123
0 0.402353 0.597988 0.008582 0.019950
0 0.424467 0.612070 0.018483 0.022296
0 0.270664 0.966468 0.019803 0.026991
0 0.318521 0.954736 0.016503 0.029343
1 0.445260 0.443671 0.025744 0.023470
