1 0.328422 0.591534 0.016503 0.028164
1 0.320501 0.610897 0.016502 0.029338
1 0.357797 0.610310 0.022443 0.028164
1 0.798083 0.788097 0.018479 0.024644
1 0.829107 0.764627 0.013203 0.031685
1 0.534375 0.613830 0.023104 0.021123
1 0.554177 0.623219 0.011219 0.025817
1 0.528763 0.633780 0.017162 0.021123
0 0.500708 0.418441 0.012542 0.026991
0 0.465723 0.430762 0.015182 0.021123
0 0.671344 0.808633 0.021125 0.028165
0 0.679596 0.832690 0.020464 0.031684
0 0.644612 0.819195 0.020464 0.028164
0 0.259772 0.361525 0.019143 0.021123
0 0.267693 0.380888 0.015182 0.024644
0 0.240299 0.379715 0.017162 0.019949
1 0.258452 0.565130 0.013862 0.024644
1 0.235018 0.576865 0.015842 0.019950
1 0.239309 0.556328 0.023104 0.021123
0 0.072964 0.624979 0.027064 0.022296
