1 0.782240 0.733529 0.010562 0.025817
1 0.810294 0.744677 0.015182 0.022296
2 0.811617 0.443671 0.009901 0.018776
1 0.820195 0.465381 0.015182 0.017602
0 0.685534 0.687762 0.009901 0.023470
0 0.714250 0.703017 0.015844 0.021123
0 0.571339 0.720620 0.011219 0.023469
0 0.555495 0.740570 0.023104 0.021123
0 0.064382 0.396731 0.011222 0.016429
0 0.057451 0.417854 0.014522 0.018777
0 0.037978 0.410813 0.008581 0.018776
0 0.193102 0.426656 0.012542 0.019950
0 0.199703 0.441912 0.013862 0.017603
0 0.176929 0.440738 0.013202 0.019950
2 0.530083 0.732355 0.009240 0.023469
1 0.885878 0.270579 0.018484 0.017602
