1 0.924492 0.541660 0.024422 0.022297
1 0.950898 0.548700 0.009901 0.024644
1 0.920203 0.563369 0.025083 0.025817
1 0.608633 0.707125 0.018484 0.017603
1 0.607312 0.725314 0.015844 0.018776
1 0.629430 0.724727 0.009901 0.017603
0 0.511600 0.674266 0.017162 0.022297
0 0.198713 0.451300 0.011882 0.017603
0 0.201683 0.477117 0.015182 0.019950
0 0.226107 0.475356 0.015182 0.021123
2 0.334033 0.793964 0.023764 0.024644
0 0.021146 0.741744 0.014522 0.023470
0 0.035008 0.752892 0.026404 0.022296
0 0.035338 0.791031 0.017823 0.065717
0 0.016525 0.801593 0.007921 0.053981
0 0.100028 0.830930 0.007261 0.077452
