1 0.552526 0.208969 0.022448 0.018776
1 0.565398 0.200755 0.013859 0.025818
1 0.548234 0.284661 0.027062 0.024644
1 0.554836 0.240068 0.013859 0.055156
1 0.568039 0.251216 0.009901 0.049287
1 0.573648 0.228332 0.006599 0.045767
1 0.592464 0.295809 0.007260 0.061022
1 0.501038 0.277033 0.009241 0.056329
2 0.165708 0.332188 0.025084 0.023470
0 0.342615 0.307544 0.023764 0.021123
0 0.373639 0.304024 0.013202 0.025818
0 0.477274 0.277620 0.013202 0.019949
0 0.453181 0.272926 0.015182 0.022296
0 0.472654 0.259431 0.021123 0.018776
0 0.037318 0.548114 0.019143 0.023470
1 0.760128 0.826823 0.021786 0.024644
1 0.721182 0.814501 0.017823 0.030511
1 0.724812 0.781642 0.017167 0.021123
1 0.161747 0.497653 0.014522 0.028164
1 0.123791 0.498827 0.015182 0.023470
