0 0.034018 0.705364 0.020463 0.016429
1 0.698078 0.933614 0.009906 0.017606
1 0.675966 0.934782 0.013203 0.017602
1 0.899078 0.322800 0.013198 0.018776
1 0.678604 0.786337 0.010562 0.016429
1 0.686526 0.806873 0.011885 0.015256
1 0.682896 0.505868 0.011219 0.016430
1 0.935383 0.562196 0.007922 0.021123
1 0.914919 0.561609 0.018484 0.012909
1 0.912609 0.576865 0.019146 0.017603
0 0.169668 0.630260 0.018483 0.014082
0 0.172639 0.644929 0.013862 0.015256
0 0.152506 0.640235 0.009242 0.017603
0 0.276604 0.326907 0.013202 0.015256
0 0.283535 0.338056 0.009901 0.016430
0 0.262742 0.338056 0.011882 0.014081
