1 0.586521 0.319279 0.013865 0.025818
1 0.651539 0.830930 0.017161 0.021123
1 0.772669 0.362113 0.015182 0.022297
2 0.760456 0.340403 0.011880 0.018776
0 0.525463 0.744090 0.014523 0.021123
0 0.444270 0.774015 0.019803 0.022296
0 0.451531 0.795138 0.022444 0.029337
0 0.418856 0.786337 0.019143 0.030512
0 0.001343 0.472423 0.011882 0.022297
1 0.396082 0.386756 0.010561 0.019950
1 0.373639 0.392037 0.015843 0.018776
1 0.378260 0.375608 0.019803 0.018777
0 0.557146 0.734115 0.009240 0.019949
