0 0.619857 0.275859 0.023766 0.018776
0 0.620518 0.296396 0.017161 0.019949
0 0.599724 0.283488 0.011219 0.022297
0 0.319511 0.623219 0.013202 0.021123
0 0.305979 0.653730 0.028384 0.025818
0 0.268023 0.652556 0.015842 0.028165
0 0.454171 0.601508 0.015842 0.026991
0 0.463083 0.619698 0.011221 0.028165
0 0.432058 0.624979 0.016502 0.022296
0 0.729102 0.825063 0.015182 0.025818
0 0.685206 0.835624 0.015839 0.023470
0 0.122141 0.772254 0.030365 0.021123
1 0.718870 0.432523 0.015844 0.022296
1 0.748906 0.452473 0.024427 0.024644
1 0.708641 0.454233 0.013865 0.030511
1 0.647581 0.734115 0.013203 0.022297
1 0.688177 0.559262 0.011219 0.022296
1 0.658474 0.562196 0.017823 0.023470
1 0.654841 0.531098 0.013203 0.026991
