1 0.652531 0.473596 0.020458 0.029338
1 0.627448 0.484744 0.038948 0.035206
1 0.618867 0.634367 0.040266 0.036379
1 0.706990 0.697150 0.006604 0.051634
1 0.659794 0.572757 0.015182 0.089187
1 0.631409 0.578625 0.016505 0.058676
1 0.524141 0.657838 0.005281 0.048114
0 0.344595 0.575105 0.030365 0.032858
0 0.357467 0.608550 0.019143 0.031684
0 0.305319 0.606790 0.023103 0.030511
1 0.479255 0.649036 0.011882 0.039899
1 0.391132 0.621458 0.017823 0.031685
1 0.420506 0.664291 0.039606 0.032858
1 0.246240 0.665465 0.025084 0.023470
