2 0.902711 0.467728 0.009901 0.012908
2 0.929115 0.484157 0.007260 0.015256
1 0.909638 0.488265 0.013203 0.018776
1 0.742966 0.898994 0.009901 0.021123
1 0.718870 0.900167 0.010562 0.018777
0 0.128412 0.619698 0.015182 0.016430
0 0.135343 0.634367 0.013202 0.017603
0 0.110259 0.635540 0.013202 0.017603
0 0.428757 0.276446 0.008581 0.015256
0 0.436348 0.287594 0.007921 0.018776
0 0.415225 0.288181 0.011882 0.017603
0 0.424136 0.718273 0.008581 0.018776
0 0.392452 0.722381 0.013862 0.015256
