1 0.545924 0.478290 0.023766 0.034031
1 0.586190 0.505281 0.031682 0.031685
1 0.533711 0.503520 0.020464 0.035206
0 0.488166 0.638474 0.009902 0.025817
0 0.990833 0.796312 0.019802 0.036379
0 0.952547 0.808047 0.030365 0.041073
0 0.419186 0.141493 0.015843 0.024644
0 0.394432 0.169070 0.020463 0.025818
0 0.434698 0.157921 0.013862 0.026991
0 0.295747 0.693042 0.021123 0.029338
0 0.259112 0.678961 0.013862 0.029338
0 0.289476 0.666052 0.032345 0.022296
1 0.328092 0.714753 0.018483 0.030511
1 0.365058 0.705364 0.014522 0.028164
0 0.230728 0.509388 0.034985 0.028165
