1 0.439319 0.390277 0.024423 0.019950
1 0.467373 0.389103 0.015842 0.031684
1 0.435028 0.411987 0.025084 0.028164
1 0.882576 0.855574 0.015839 0.023469
1 0.844951 0.832690 0.011880 0.034032
1 0.524802 0.576278 0.014522 0.023469
1 0.540315 0.603269 0.019141 0.023469
0 0.682565 0.808633 0.022443 0.028165
0 0.691148 0.836798 0.022443 0.028164
0 0.650883 0.820955 0.022443 0.034032
0 0.076594 0.360939 0.015843 0.026991
0 0.074614 0.396731 0.017163 0.028164
0 0.048540 0.403185 0.016502 0.026991
0 0.277595 0.132691 0.019143 0.018777
0 0.297728 0.148534 0.015843 0.022297
0 0.270333 0.151467 0.015182 0.021123
1 0.204323 0.419614 0.025744 0.017603
1 0.203333 0.442498 0.017162 0.023470
0 0.119501 0.619698 0.030365 0.021123
