1 0.659794 0.331601 0.015182 0.024644
1 0.651870 0.344510 0.013865 0.024644
1 0.414565 0.374434 0.015842 0.023470
1 0.434698 0.392624 0.015182 0.024644
1 0.409284 0.394384 0.013202 0.021123
0 0.125442 0.533445 0.019803 0.022297
0 0.091776 0.517603 0.011882 0.023470
0 0.512920 0.829756 0.023764 0.030511
0 0.521172 0.853226 0.023104 0.028164
0 0.485196 0.843838 0.022444 0.028164
0 0.283205 0.446606 0.013202 0.026991
0 0.274294 0.461274 0.009902 0.023470
0 0.300038 0.468315 0.016503 0.018777
0 0.851549 0.813914 0.011880 0.024644
0 0.889505 0.801592 0.012542 0.025818
0 0.876966 0.830343 0.020464 0.022297
