1 0.587510 0.353898 0.015844 0.024644
1 0.570018 0.361525 0.028380 0.021123
1 0.563419 0.470663 0.031026 0.028164
1 0.592461 0.422549 0.015182 0.068064
1 0.626456 0.501760 0.007922 0.050461
1 0.572328 0.420788 0.010562 0.055156
1 0.497738 0.474182 0.007921 0.053981
2 0.023786 0.533445 0.033005 0.031684
0 0.533052 0.654317 0.017823 0.036380
0 0.494107 0.674266 0.032345 0.034032
0 0.701047 0.509388 0.019802 0.030511
0 0.725471 0.538139 0.021120 0.029338
0 0.689495 0.532271 0.012542 0.026991
0 0.403673 0.481811 0.019143 0.029338
0 0.429747 0.455994 0.021123 0.031685
0 0.441959 0.477116 0.015182 0.029338
1 0.624477 0.652556 0.023766 0.030511
1 0.627117 0.688935 0.026401 0.030511
1 0.675966 0.695976 0.023766 0.037553
1 0.095407 0.676613 0.020463 0.029338
1 0.148545 0.656077 0.018483 0.039900
