1 0.774651 0.340989 0.012542 0.019949
1 0.760458 0.345097 0.023760 0.021123
1 0.754188 0.429003 0.027063 0.026991
1 0.777620 0.396144 0.010562 0.052807
1 0.784221 0.369154 0.010557 0.050461
1 0.762768 0.382649 0.015182 0.058676
1 0.805013 0.444258 0.009901 0.071584
1 0.701708 0.420201 0.006604 0.068064
2 0.332383 0.470075 0.024424 0.024644
0 0.425127 0.526991 0.011882 0.025817
0 0.402023 0.553394 0.026404 0.026991
0 0.442290 0.657837 0.017162 0.019950
0 0.461102 0.642581 0.008581 0.017602
0 0.353836 0.968819 0.013202 0.026991
1 0.430408 0.470076 0.026404 0.026991
0 0.311590 0.987009 0.021123 0.025815
