1 0.884227 0.473009 0.015182 0.023470
1 0.878286 0.485918 0.012542 0.021123
1 0.905021 0.492372 0.019802 0.019950
1 0.644609 0.533445 0.013865 0.022297
1 0.683555 0.966472 0.013859 0.019944
0 0.309609 0.717686 0.007921 0.022296
0 0.335353 0.728248 0.015842 0.019949
0 0.229738 0.326320 0.017162 0.018776
0 0.233038 0.340989 0.013202 0.015256
0 0.215215 0.338056 0.010561 0.016430
0 0.157457 0.842078 0.012542 0.019949
0 0.136333 0.846772 0.015182 0.019950
1 0.772669 0.730595 0.008578 0.019949
1 0.782570 0.751718 0.011224 0.017603
