0 0.600385 0.198994 0.023104 0.015256
0 0.603023 0.218358 0.015182 0.021123
0 0.581570 0.206036 0.009245 0.019949
0 0.593781 0.508215 0.023104 0.018776
0 0.572990 0.487678 0.013198 0.022297
0 0.562430 0.502347 0.007922 0.028164
0 0.488166 0.568650 0.017822 0.024644
0 0.497078 0.586839 0.013202 0.021123
0 0.466053 0.590360 0.015842 0.023470
0 0.878945 0.922465 0.023099 0.021126
0 0.136333 0.700083 0.029705 0.019950
1 0.332713 0.521710 0.009241 0.022296
1 0.300698 0.534032 0.017823 0.021123
