1 0.717221 0.417855 0.019141 0.030511
1 0.691477 0.428416 0.040266 0.032858
1 0.682237 0.578625 0.040266 0.035206
1 0.771349 0.640821 0.007260 0.049287
1 0.724151 0.515843 0.014521 0.092707
1 0.697089 0.524644 0.014521 0.051634
1 0.588500 0.599162 0.007260 0.048114
0 0.632070 0.487678 0.020464 0.031684
0 0.592794 0.463034 0.038286 0.026991
0 0.579591 0.497066 0.018484 0.031684
1 0.632398 0.539312 0.013203 0.034032
1 0.516880 0.602095 0.025083 0.030511
1 0.447240 0.583319 0.015182 0.037552
