0 0.061742 0.721206 0.024424 0.015256
0 0.066033 0.785163 0.022443 0.016430
0 0.108279 0.778709 0.010561 0.052808
0 0.061082 0.751718 0.015182 0.048114
0 0.047220 0.760519 0.009901 0.039900
0 0.024446 0.802179 0.011882 0.052808
2 0.279245 0.748197 0.013202 0.015256
0 0.698078 0.892539 0.016500 0.019949
0 0.704349 0.908969 0.014521 0.019950
0 0.678604 0.898994 0.015844 0.021123
0 0.199373 0.933027 0.010561 0.018780
0 0.188811 0.954148 0.017162 0.018778
0 0.032037 0.720620 0.011222 0.016429
