0 0.480575 0.174938 0.017162 0.023470
0 0.490147 0.194300 0.012542 0.024644
0 0.460442 0.196061 0.015182 0.023470
0 0.363738 0.444258 0.025084 0.022296
0 0.055471 0.714166 0.026404 0.029337
0 0.063062 0.737049 0.019143 0.028165
0 0.029397 0.734702 0.017823 0.023470
0 0.418856 0.490025 0.017823 0.022296
0 0.378590 0.480637 0.012542 0.022296
1 0.147225 0.540486 0.019803 0.024644
1 0.110259 0.520537 0.013202 0.024644
1 0.728773 0.910729 0.018484 0.023470
2 0.538664 0.420201 0.015839 0.023470
2 0.517540 0.401425 0.013201 0.021123
2 0.509290 0.421375 0.011222 0.025818
