0 0.747255 0.258844 0.013198 0.019950
0 0.727122 0.243001 0.017818 0.018776
0 0.720190 0.260017 0.013203 0.022297
0 0.416546 0.573931 0.021123 0.025818
0 0.382880 0.582732 0.021123 0.026991
0 0.552195 0.720620 0.008578 0.025818
0 0.530742 0.735876 0.018484 0.023470
0 0.628437 0.889605 0.015844 0.021123
0 0.140624 0.718860 0.030365 0.017603
1 0.497078 0.461274 0.013202 0.025817
1 0.468364 0.458927 0.021783 0.018776
1 0.465063 0.479463 0.021783 0.019949
1 0.188151 0.558088 0.017162 0.017603
1 0.154816 0.538139 0.009902 0.024644
1 0.449880 0.383823 0.009902 0.025818
