1 0.667383 0.470075 0.021120 0.031684
1 0.641638 0.479463 0.038286 0.031684
1 0.633388 0.632020 0.040266 0.036379
1 0.721844 0.688935 0.007260 0.058676
1 0.673654 0.569237 0.016505 0.089187
1 0.538664 0.649036 0.006599 0.056329
1 0.646591 0.570998 0.015182 0.059849
0 0.438989 0.562783 0.015842 0.029338
0 0.456482 0.586253 0.009902 0.029338
0 0.410275 0.603856 0.027064 0.034031
1 0.470014 0.604442 0.018483 0.021123
1 0.485196 0.652556 0.036966 0.032858
1 0.324792 0.624392 0.026404 0.025818
1 0.264392 0.602682 0.009902 0.036379
