2 0.864755 0.501760 0.010562 0.012909
1 0.886536 0.518189 0.009240 0.017603
1 0.867724 0.519363 0.011219 0.015256
1 0.687846 0.918357 0.007922 0.019952
1 0.951227 0.597988 0.009245 0.019950
1 0.871682 0.674853 0.007260 0.023470
1 0.832737 0.662531 0.009901 0.017603
1 0.847260 0.681894 0.019146 0.018776
0 0.114550 0.630846 0.011222 0.015256
0 0.101018 0.647863 0.014522 0.016429
0 0.404334 0.313412 0.013862 0.014082
0 0.408954 0.325147 0.012542 0.014082
0 0.391132 0.322800 0.009902 0.016430
0 0.419186 0.772841 0.007921 0.017603
0 0.390802 0.778122 0.013202 0.018776
