1 0.828448 0.243001 0.014521 0.021123
1 0.809635 0.249456 0.028385 0.024644
1 0.803034 0.354485 0.029703 0.030512
1 0.838680 0.284661 0.004620 0.052808
1 0.863435 0.375608 0.007922 0.070410
1 0.832409 0.309305 0.015839 0.064543
1 0.812935 0.299917 0.013859 0.069237
1 0.738013 0.346857 0.007922 0.076279
2 0.202673 0.340403 0.023764 0.037552
0 0.697419 0.353311 0.019141 0.025817
0 0.709961 0.372674 0.013859 0.024644
0 0.673984 0.379715 0.018479 0.024644
1 0.068343 0.954148 0.017822 0.032852
1 0.127422 0.948282 0.019803 0.032861
