1 0.536354 0.229506 0.023104 0.022297
1 0.547576 0.222465 0.015182 0.019950
1 0.531734 0.305197 0.021781 0.025817
1 0.576289 0.318693 0.006599 0.059849
1 0.557148 0.253562 0.007922 0.044594
1 0.552195 0.270579 0.008578 0.050461
1 0.538995 0.264125 0.012542 0.051634
1 0.485196 0.300503 0.007921 0.063369
2 0.146895 0.350964 0.024424 0.023470
0 0.502359 0.435457 0.014522 0.025818
0 0.477605 0.452473 0.024424 0.024644
0 0.459782 0.280553 0.021783 0.021123
0 0.467043 0.299916 0.013862 0.017603
0 0.441629 0.295809 0.013202 0.023470
0 0.019496 0.538139 0.016502 0.024644
0 0.209604 0.287594 0.011222 0.018776
0 0.194422 0.311065 0.019143 0.021124
1 0.705339 0.845012 0.017823 0.028165
1 0.744615 0.861441 0.025083 0.023469
1 0.128412 0.505867 0.008581 0.021123
1 0.160097 0.522297 0.015182 0.023469
