1 0.853862 0.313999 0.013859 0.017603
2 0.870034 0.518189 0.009245 0.012908
2 0.894128 0.534032 0.007266 0.016429
1 0.876307 0.537552 0.012542 0.014082
1 0.668703 0.926571 0.010562 0.019950
1 0.806664 0.635540 0.007922 0.017603
1 0.844951 0.651969 0.006599 0.022296
1 0.818875 0.657838 0.017823 0.017603
0 0.117190 0.646689 0.009902 0.014081
0 0.114220 0.669572 0.011882 0.017602
0 0.092437 0.668986 0.011882 0.016429
0 0.188481 0.508214 0.011222 0.014082
0 0.194752 0.518189 0.007921 0.017603
0 0.171649 0.522884 0.018483 0.017603
0 0.400043 0.327494 0.013202 0.014082
0 0.404994 0.340402 0.009901 0.014082
0 0.386511 0.338056 0.011222 0.016430
0 0.413575 0.792204 0.012542 0.018777
