1 0.599721 0.369740 0.020464 0.030512
1 0.573979 0.380302 0.038948 0.030511
1 0.566057 0.531098 0.041583 0.034031
1 0.653521 0.600922 0.006604 0.030511
1 0.605005 0.467728 0.016500 0.090360
1 0.578930 0.484157 0.010557 0.034031
1 0.471334 0.561609 0.006601 0.029337
0 0.660122 0.466555 0.036964 0.022297
0 0.671674 0.509975 0.021786 0.031685
1 0.741977 0.575105 0.038286 0.032858
1 0.676625 0.568063 0.018479 0.039899
1 0.341624 0.542246 0.020463 0.035206
1 0.273634 0.544006 0.021783 0.026991
