1 0.485856 0.336882 0.025084 0.021123
1 0.517541 0.336882 0.014522 0.032858
1 0.482225 0.361526 0.027064 0.025817
1 0.856172 0.853226 0.010562 0.025818
1 0.813924 0.872003 0.023766 0.025817
1 0.441959 0.499413 0.021783 0.024644
1 0.464403 0.515842 0.013862 0.024644
1 0.434038 0.525818 0.015182 0.023470
0 0.696096 0.836211 0.025745 0.026991
0 0.705669 0.863201 0.025089 0.029338
0 0.663753 0.847359 0.023099 0.035206
0 0.498068 0.048198 0.016503 0.021123
0 0.506319 0.066388 0.014522 0.024644
0 0.478265 0.066388 0.019143 0.024644
1 0.284856 0.444258 0.024424 0.019950
1 0.308949 0.456580 0.015842 0.025818
1 0.280235 0.468902 0.017823 0.024644
0 0.097717 0.625565 0.029044 0.021123
