1 0.416546 0.400252 0.026404 0.023470
1 0.444930 0.395558 0.011882 0.032858
1 0.413245 0.423722 0.023764 0.018777
1 0.807654 0.841492 0.009901 0.023470
1 0.765740 0.857334 0.019802 0.026991
1 0.413245 0.486505 0.023764 0.019950
1 0.434698 0.500000 0.015182 0.025817
1 0.407304 0.509975 0.015843 0.024644
0 0.664414 0.824476 0.024422 0.026991
0 0.672333 0.850293 0.023104 0.031684
0 0.633057 0.836798 0.023760 0.032858
0 0.378920 0.064041 0.011882 0.019950
0 0.390141 0.076949 0.009241 0.022297
0 0.365058 0.089271 0.015843 0.018776
1 0.321821 0.509975 0.027064 0.017603
1 0.340964 0.519363 0.009902 0.019950
1 0.320501 0.531098 0.017823 0.022296
0 0.056131 0.627913 0.029044 0.023470
