2 0.925482 0.481810 0.007922 0.015256
2 0.900070 0.466555 0.009901 0.012908
1 0.907328 0.484744 0.012542 0.016430
1 0.745604 0.900167 0.011219 0.018777
1 0.722172 0.903100 0.013198 0.017603
0 0.132372 0.627326 0.021783 0.012909
0 0.134683 0.643168 0.014522 0.016429
0 0.115870 0.634367 0.008581 0.017603
0 0.431728 0.275273 0.010562 0.015256
0 0.437999 0.286421 0.008581 0.016430
0 0.419186 0.288768 0.011882 0.016429
0 0.404664 0.765213 0.007921 0.018777
0 0.374299 0.773428 0.013202 0.018776
