1 0.566057 0.305197 0.012542 0.018776
1 0.552198 0.311651 0.023104 0.017603
1 0.548234 0.390277 0.023104 0.024644
1 0.573320 0.343923 0.005943 0.028165
1 0.570680 0.357419 0.008578 0.045767
1 0.555497 0.354484 0.011224 0.053981
1 0.501368 0.390864 0.007261 0.042246
1 0.593453 0.411400 0.006604 0.045767
2 0.162407 0.436044 0.023764 0.024644
0 0.521172 0.518776 0.017823 0.028164
0 0.494767 0.535206 0.027064 0.023470
0 0.610943 0.343336 0.023104 0.015256
0 0.613917 0.361526 0.015844 0.018776
0 0.595102 0.353898 0.009901 0.024644
0 0.139304 0.833277 0.019803 0.025817
0 0.180890 0.830930 0.017162 0.025818
0 0.425127 0.381475 0.011882 0.021123
0 0.433378 0.396731 0.011222 0.021123
0 0.407964 0.402012 0.014522 0.019950
1 0.612927 0.632607 0.017823 0.039899
1 0.646919 0.654317 0.023766 0.029337
1 0.296738 0.535792 0.008581 0.022297
1 0.263733 0.556915 0.016503 0.022297
