1 0.737354 0.690695 0.011885 0.015256
1 0.755836 0.708885 0.013203 0.016429
1 0.732734 0.708298 0.010562 0.017602
0 0.139964 0.589774 0.010562 0.019949
0 0.129732 0.610897 0.015182 0.017603
0 0.111249 0.603269 0.007261 0.016429
0 0.160427 0.458341 0.014522 0.015256
0 0.160427 0.477703 0.021123 0.016429
0 0.400373 0.250042 0.015182 0.014082
0 0.404664 0.264125 0.011882 0.016429
0 0.384861 0.261777 0.010562 0.018777
0 0.149535 0.511149 0.009902 0.017603
0 0.117850 0.513495 0.013862 0.019950
