1 0.536354 0.477703 0.023104 0.032858
1 0.577940 0.502347 0.031026 0.032858
1 0.525792 0.501761 0.019144 0.036379
1 0.895117 0.649623 0.029047 0.031684
1 0.906341 0.674853 0.017161 0.030511
1 0.866404 0.671332 0.020464 0.037552
0 0.990172 0.796312 0.022448 0.031684
0 0.952547 0.806873 0.031687 0.038726
0 0.420836 0.139146 0.016503 0.029338
0 0.434368 0.160269 0.013202 0.029338
0 0.394762 0.169070 0.021123 0.028164
2 0.315220 0.661944 0.023104 0.028165
0 0.306969 0.689522 0.019803 0.029338
1 0.336343 0.715926 0.034985 0.021124
1 0.337993 0.745263 0.022443 0.028164
0 0.181550 0.502347 0.034325 0.032858
