1 0.944294 0.334535 0.016505 0.014082
2 0.866073 0.506454 0.010562 0.012908
1 0.889177 0.525817 0.007917 0.016429
1 0.869703 0.526404 0.011219 0.015256
1 0.685867 0.921876 0.011880 0.017600
1 0.670023 0.530512 0.010557 0.014082
1 0.641310 0.526404 0.011224 0.015256
1 0.859141 0.677200 0.007260 0.018776
1 0.819867 0.662531 0.009245 0.015256
1 0.834060 0.683655 0.020464 0.019950
0 0.112570 0.633780 0.013862 0.016429
0 0.119171 0.646689 0.012542 0.016430
0 0.097057 0.644928 0.011882 0.017603
0 0.433378 0.328668 0.009902 0.014081
0 0.438329 0.338056 0.007921 0.018776
0 0.420176 0.340402 0.011222 0.014082
0 0.420836 0.757586 0.008581 0.019949
0 0.391792 0.761693 0.013862 0.018776
