1 0.766068 0.656077 0.012542 0.025817
1 0.794784 0.664878 0.013203 0.024644
2 0.811945 0.444845 0.013203 0.016429
1 0.820857 0.463621 0.013859 0.016430
0 0.657482 0.673093 0.011880 0.019950
0 0.517872 0.705364 0.009903 0.018777
0 0.503019 0.726488 0.023764 0.021123
0 0.052500 0.419028 0.012542 0.016430
0 0.040949 0.438391 0.015842 0.019950
0 0.174619 0.427243 0.013862 0.018776
0 0.194422 0.423135 0.012542 0.017603
0 0.690818 0.674266 0.013865 0.019949
1 0.855513 0.270579 0.018484 0.017602
