1 0.673654 0.439564 0.011224 0.017603
1 0.666721 0.448366 0.007922 0.018776
1 0.688836 0.455994 0.019141 0.015256
1 0.642630 0.532858 0.012542 0.018776
1 0.789831 0.952977 0.016505 0.021120
0 0.384201 0.724727 0.015842 0.024644
0 0.116530 0.681894 0.021783 0.016429
0 0.102338 0.663705 0.010561 0.022296
0 0.133363 0.661944 0.010562 0.021124
0 0.165708 0.331601 0.010561 0.019949
0 0.154486 0.346857 0.014522 0.019949
0 0.228417 0.667812 0.018483 0.016430
0 0.230067 0.683655 0.013862 0.019950
0 0.211915 0.675440 0.009242 0.017602
0 0.352846 0.724727 0.012542 0.022297
