1 0.762438 0.234200 0.017167 0.015256
1 0.777289 0.264711 0.008578 0.050461
1 0.743625 0.260604 0.011219 0.046941
2 0.534042 0.325733 0.015844 0.015256
1 0.523151 0.631433 0.012541 0.016430
1 0.504339 0.622045 0.007921 0.016429
2 0.990172 0.727661 0.009240 0.018776
2 0.968721 0.733529 0.015182 0.018776
2 0.358787 0.842665 0.019143 0.021123
1 0.921521 0.725314 0.010562 0.018776
0 0.486186 0.507041 0.011222 0.011735
0 0.491467 0.519950 0.008581 0.014082
0 0.470674 0.521710 0.011882 0.015256
0 0.373309 0.513495 0.016503 0.012909
0 0.351196 0.521123 0.013202 0.016430
0 0.377270 0.526404 0.017822 0.015256
0 0.598404 0.576278 0.013859 0.018777
1 0.760128 0.252976 0.003297 0.024644
