0 0.196402 0.687175 0.013862 0.017603
1 0.888846 0.520537 0.019141 0.012908
1 0.889836 0.535206 0.013203 0.011735
1 0.872674 0.524644 0.007922 0.014082
1 0.648570 0.784576 0.009901 0.019949
1 0.663424 0.806873 0.013203 0.017603
1 0.636029 0.789857 0.008578 0.018776
1 0.609294 0.798072 0.019807 0.014082
1 0.595104 0.778122 0.012542 0.016429
1 0.447240 0.640235 0.007261 0.017603
1 0.422486 0.650796 0.014522 0.015256
0 0.488166 0.319280 0.008581 0.011735
0 0.495097 0.330428 0.006601 0.012909
0 0.476945 0.336295 0.012542 0.015256
0 0.224457 0.388517 0.009241 0.016430
0 0.204323 0.392037 0.013862 0.014081
0 0.208614 0.378542 0.014522 0.010561
0 0.314230 0.651383 0.014522 0.018777
0 0.284855 0.659011 0.016503 0.017603
0 0.225777 0.544006 0.013202 0.015256
0 0.200363 0.546940 0.011222 0.016429
