1 0.484206 0.334535 0.016502 0.014082
1 0.639990 0.251802 0.016500 0.012908
1 0.656492 0.279380 0.009901 0.046940
1 0.642630 0.285247 0.005937 0.023470
1 0.639000 0.269992 0.005281 0.028164
1 0.623484 0.275273 0.012542 0.048114
0 0.383871 0.686588 0.016503 0.018776
0 0.353836 0.687175 0.013202 0.019950
0 0.468693 0.600922 0.009241 0.016429
0 0.450871 0.592121 0.017162 0.012908
0 0.446910 0.605616 0.011882 0.014082
2 0.250860 0.884911 0.019803 0.023470
2 0.223466 0.876697 0.012542 0.023470
1 0.419516 0.426069 0.012542 0.014082
1 0.443940 0.413160 0.007261 0.014081
2 0.279245 0.806873 0.011882 0.017603
