0 0.186171 0.681307 0.019803 0.017602
1 0.583880 0.796898 0.008583 0.018776
1 0.571339 0.817434 0.013865 0.015256
1 0.921852 0.713579 0.011224 0.018776
1 0.898089 0.715926 0.012542 0.018776
1 0.684544 0.757586 0.013203 0.017603
1 0.692797 0.771668 0.011219 0.019950
1 0.663753 0.774015 0.019141 0.012909
0 0.176599 0.459514 0.012542 0.012909
0 0.183200 0.472422 0.011221 0.015256
0 0.160427 0.477117 0.014522 0.015256
0 0.413575 0.517603 0.012542 0.016430
0 0.390142 0.512909 0.010561 0.016429
