0 0.165378 0.538139 0.023103 0.015256
0 0.140954 0.541073 0.007261 0.018776
0 0.167028 0.556915 0.022443 0.019949
0 0.252181 0.416681 0.010561 0.018776
0 0.223796 0.426069 0.014522 0.016429
0 0.306309 0.769907 0.015843 0.016430
1 0.921190 0.606790 0.009901 0.023470
1 0.896437 0.603856 0.023760 0.017603
1 0.892807 0.620872 0.023104 0.021123
1 0.729432 0.498826 0.010563 0.016429
1 0.693458 0.500587 0.012542 0.017603
1 0.615234 0.955907 0.014521 0.022296
1 0.852542 0.435457 0.008583 0.018777
1 0.864424 0.456580 0.015182 0.018777
