0 0.198383 0.392624 0.013862 0.017603
0 0.205314 0.408466 0.013202 0.021123
0 0.174289 0.408466 0.019803 0.018777
0 0.246570 0.411987 0.013862 0.016429
0 0.338324 0.290528 0.015182 0.017603
0 0.329082 0.270579 0.009901 0.017602
0 0.352516 0.773428 0.014522 0.016430
0 0.325452 0.767561 0.010562 0.021123
1 0.785542 0.533445 0.015844 0.017603
1 0.794122 0.550461 0.014526 0.023470
1 0.760786 0.544006 0.017823 0.022296
1 0.711940 0.532272 0.013859 0.017603
1 0.603354 0.955907 0.011885 0.022296
1 0.883565 0.451886 0.008578 0.018776
1 0.851883 0.431937 0.009901 0.014082
1 0.858151 0.454820 0.014521 0.017603
