0 0.120161 0.718860 0.015842 0.019949
1 0.579919 0.411987 0.008578 0.016429
1 0.772669 0.784576 0.011224 0.022297
1 0.788180 0.812154 0.017161 0.016430
1 0.606654 0.779295 0.007922 0.023470
1 0.563747 0.761106 0.011880 0.012908
1 0.578602 0.784576 0.020464 0.019949
1 0.477605 0.438391 0.013862 0.015256
0 0.117851 0.390863 0.015182 0.016429
0 0.093097 0.389690 0.010561 0.018776
0 0.320171 0.305784 0.010561 0.017603
0 0.302348 0.295809 0.014522 0.011735
0 0.298058 0.308718 0.011221 0.014082
0 0.251521 0.676613 0.018483 0.019949
0 0.216535 0.682481 0.017162 0.019949
0 0.530411 0.409053 0.012542 0.017603
