0 0.155146 0.681894 0.022443 0.016429
1 0.685206 0.818608 0.018484 0.012908
1 0.924492 0.695976 0.011224 0.016429
1 0.901388 0.691282 0.011224 0.018776
1 0.855844 0.822715 0.012542 0.016429
1 0.849242 0.843838 0.015182 0.014082
1 0.815906 0.839731 0.013198 0.024644
1 0.532393 0.796898 0.011224 0.018776
1 0.502028 0.808047 0.012542 0.017603
0 0.179570 0.468902 0.010561 0.012909
0 0.167688 0.485918 0.014522 0.011735
0 0.336343 0.872590 0.013862 0.015256
0 0.342614 0.888432 0.014522 0.018777
0 0.315880 0.890779 0.012542 0.018776
0 0.426777 0.450713 0.008581 0.014082
0 0.415225 0.468315 0.018483 0.016429
0 0.492127 0.421375 0.012542 0.014082
0 0.469683 0.416094 0.008581 0.015256
