0 0.198053 0.687175 0.013202 0.019950
1 0.964758 0.662531 0.019141 0.012908
1 0.966409 0.677200 0.015839 0.014081
1 0.945286 0.669572 0.009240 0.017602
1 0.644609 0.808047 0.011219 0.017603
1 0.621177 0.808047 0.011885 0.017603
1 0.612924 0.777535 0.016505 0.012909
1 0.445920 0.695389 0.012542 0.019949
1 0.414565 0.695389 0.010561 0.017603
0 0.575961 0.337469 0.009901 0.012908
0 0.582560 0.348031 0.008578 0.015256
0 0.563086 0.349791 0.011880 0.014081
0 0.161087 0.459514 0.013202 0.015256
0 0.167688 0.470662 0.010561 0.014082
0 0.145245 0.477116 0.013202 0.017603
0 0.316210 0.646689 0.014522 0.016430
0 0.322811 0.662531 0.013202 0.019950
0 0.292777 0.662531 0.017822 0.017603
0 0.172639 0.562196 0.015182 0.016429
1 0.588503 0.761106 0.011224 0.010562
