0 0.144914 0.749958 0.013862 0.025818
1 0.596753 0.408466 0.009245 0.011734
1 0.714581 0.846772 0.011224 0.019950
1 0.682896 0.816848 0.011219 0.014082
1 0.687188 0.845012 0.014521 0.021123
1 0.490807 0.719446 0.009902 0.023470
1 0.451201 0.698323 0.011221 0.018776
1 0.461102 0.723554 0.020463 0.022296
1 0.454171 0.419614 0.006601 0.017603
1 0.429087 0.431937 0.013202 0.016429
0 0.144584 0.363286 0.010561 0.017603
0 0.120491 0.362699 0.013862 0.016430
0 0.358787 0.285834 0.009902 0.012909
0 0.365718 0.298743 0.007921 0.012908
0 0.344265 0.302264 0.013863 0.015256
0 0.250860 0.669572 0.015843 0.019950
0 0.216535 0.676613 0.018483 0.019949
0 0.529091 0.424309 0.015182 0.017603
