1 0.947927 0.223638 0.019802 0.017603
1 0.965419 0.255323 0.009901 0.050461
1 0.946607 0.245348 0.007922 0.025817
1 0.928784 0.250629 0.013203 0.048114
1 0.645268 0.304024 0.015182 0.014082
1 0.748576 0.643755 0.007922 0.017603
2 0.717549 0.672506 0.007922 0.018777
2 0.699729 0.661357 0.015844 0.015256
2 0.696096 0.680721 0.011224 0.016429
2 0.524142 0.818608 0.017164 0.017603
0 0.659792 0.481224 0.008583 0.014082
0 0.648901 0.500000 0.013198 0.014081
0 0.552857 0.446019 0.013859 0.016430
1 0.950565 0.261191 0.006599 0.022296
