1 0.587182 0.244761 0.019146 0.015256
1 0.602693 0.272339 0.009240 0.049287
1 0.585862 0.264711 0.005943 0.026991
1 0.570018 0.268819 0.011224 0.046941
1 0.450871 0.325733 0.017162 0.015256
1 0.624146 0.623219 0.008583 0.018776
1 0.652531 0.636127 0.005937 0.016429
1 0.632729 0.643755 0.011219 0.017603
2 0.190461 0.876110 0.017823 0.019950
0 0.313900 0.527577 0.019143 0.012908
0 0.313900 0.544594 0.012542 0.016430
0 0.351526 0.612657 0.011221 0.018777
0 0.325452 0.625566 0.018483 0.016430
0 0.426117 0.634954 0.013862 0.018776
0 0.403014 0.624392 0.011222 0.018777
1 0.588172 0.277620 0.005281 0.019949
