1 0.920862 0.471836 0.009245 0.018777
1 0.889836 0.451886 0.013203 0.016430
1 0.896107 0.474770 0.015182 0.017603
1 0.933404 0.246522 0.022443 0.014082
0 0.263072 0.724727 0.013863 0.022297
0 0.229737 0.734115 0.014522 0.022297
0 0.404664 0.292875 0.009241 0.012908
2 0.413245 0.304611 0.007921 0.012908
0 0.391792 0.311652 0.013862 0.015256
0 0.089136 0.827996 0.013202 0.015256
0 0.098378 0.839144 0.010561 0.018776
0 0.073954 0.856160 0.013202 0.019950
1 0.763427 0.531685 0.024427 0.014082
1 0.763758 0.548114 0.021120 0.016430
1 0.739336 0.516429 0.013203 0.018777
1 0.703029 0.512908 0.010557 0.018776
1 0.599065 0.959426 0.015182 0.022296
1 0.592792 0.927159 0.014521 0.021126
