0 0.197392 0.684241 0.013202 0.021123
1 0.633719 0.783990 0.010563 0.018776
1 0.648240 0.803353 0.014521 0.015256
1 0.625797 0.796311 0.006604 0.019950
1 0.620516 0.785750 0.006604 0.024644
1 0.580250 0.777535 0.010562 0.015256
1 0.595102 0.796898 0.020464 0.016430
1 0.447240 0.482984 0.009902 0.015256
1 0.421826 0.490612 0.010562 0.016430
0 0.371329 0.301090 0.013862 0.012908
0 0.375289 0.313412 0.011221 0.014082
2 0.356146 0.306957 0.005941 0.015256
0 0.393772 0.332775 0.015182 0.012908
0 0.396083 0.344510 0.011882 0.012908
0 0.311920 0.651970 0.017823 0.017603
0 0.281885 0.654904 0.015842 0.018776
0 0.548234 0.436631 0.013865 0.016430
