0 0.006624 0.589774 0.013202 0.019949
0 0.014545 0.604443 0.014522 0.028165
1 0.920203 0.471249 0.009240 0.017603
1 0.894458 0.474183 0.014521 0.018777
1 0.887195 0.450713 0.011880 0.016429
1 0.927464 0.714753 0.015844 0.023470
1 0.883565 0.686588 0.013859 0.016430
1 0.892807 0.712992 0.020458 0.022297
0 0.318521 0.710058 0.013862 0.018776
0 0.283866 0.708298 0.013202 0.022296
0 0.406974 0.307544 0.008581 0.016430
0 0.385191 0.311652 0.012542 0.015256
0 0.125442 0.608550 0.019803 0.015256
0 0.132373 0.623806 0.013862 0.022296
0 0.102998 0.623806 0.013202 0.019950
1 0.600052 0.920119 0.010562 0.018781
1 0.605005 0.951801 0.013865 0.021120
