0 0.393112 0.295809 0.017823 0.011735
0 0.394762 0.311652 0.014522 0.015256
0 0.004643 0.589774 0.011882 0.022297
0 0.013225 0.605029 0.013202 0.024644
0 0.284526 0.720620 0.010561 0.021123
0 0.318851 0.729421 0.017163 0.019950
1 0.877294 0.221878 0.017161 0.018776
1 0.834719 0.704191 0.012542 0.018776
1 0.859471 0.724727 0.023766 0.019949
1 0.827128 0.717100 0.010557 0.025818
1 0.592792 0.978792 0.014521 0.021120
1 0.920534 0.471249 0.009901 0.019950
1 0.894128 0.473596 0.015182 0.015256
1 0.886206 0.449539 0.011224 0.016430
1 0.622167 0.468315 0.011219 0.014082
