0 0.006624 0.589774 0.013202 0.019949
0 0.014545 0.604443 0.014522 0.028165
1 0.920203 0.471249 0.009240 0.017603
1 0.889836 0.450713 0.011880 0.016429
1 0.896437 0.475356 0.014521 0.021123
0 0.322481 0.714166 0.012542 0.019950
0 0.287826 0.712992 0.014522 0.019949
0 0.404994 0.292288 0.011222 0.014082
2 0.411925 0.304610 0.007921 0.015256
0 0.391462 0.312825 0.013202 0.015256
0 0.176929 0.721794 0.019803 0.018776
0 0.184521 0.737636 0.013862 0.019950
0 0.153826 0.741156 0.015842 0.019950
1 0.890497 0.690695 0.022443 0.019950
1 0.859471 0.678960 0.017161 0.022296
1 0.605664 0.912489 0.013859 0.017602
1 0.609622 0.945347 0.015182 0.022306
