1 0.858484 0.211903 0.017823 0.015256
1 0.874656 0.243001 0.009240 0.049288
1 0.840000 0.236547 0.013865 0.050461
1 0.561766 0.295809 0.015844 0.016430
2 0.618536 0.681307 0.010562 0.015256
2 0.610943 0.694216 0.007260 0.017603
2 0.445920 0.813327 0.017822 0.018777
1 0.636359 0.654317 0.009240 0.017602
1 0.600383 0.654904 0.009901 0.018776
0 0.625466 0.744090 0.013859 0.014082
0 0.605995 0.730595 0.009240 0.019949
0 0.460772 0.733529 0.010562 0.014081
0 0.431728 0.754065 0.009241 0.017603
0 0.558138 0.736463 0.011224 0.017603
0 0.530081 0.732355 0.013203 0.018777
1 0.855841 0.229506 0.004620 0.019950
1 0.859474 0.246522 0.005281 0.018777
