0 0.006624 0.712406 0.018483 0.030511
0 0.232048 0.381475 0.011221 0.018777
0 0.217525 0.402599 0.020463 0.021123
0 0.262082 0.608550 0.010561 0.019950
0 0.292777 0.617938 0.016503 0.019950
0 0.135343 0.478290 0.010561 0.019950
0 0.156136 0.467729 0.021783 0.019950
0 0.160427 0.485918 0.015842 0.025818
0 0.088476 0.615004 0.010561 0.023470
0 0.060422 0.627913 0.016503 0.021123
1 0.718211 0.758172 0.014526 0.028165
1 0.738674 0.784576 0.026401 0.024644
1 0.842310 0.734702 0.015839 0.018776
