0 0.298718 0.708298 0.009901 0.022296
0 0.332383 0.711819 0.016502 0.024644
0 0.038969 0.666638 0.025084 0.018777
0 0.038308 0.687175 0.018483 0.019950
1 0.717221 0.951213 0.011224 0.029333
1 0.701708 0.979380 0.019802 0.022296
1 0.155476 0.482984 0.021783 0.015256
1 0.175939 0.490612 0.011222 0.025817
1 0.152506 0.502347 0.017162 0.018776
1 0.602365 0.836798 0.013865 0.025818
1 0.615896 0.866135 0.023760 0.025817
1 0.650549 0.859094 0.011224 0.030511
1 0.539323 0.788684 0.015844 0.021123
1 0.967068 0.246522 0.023760 0.023469
