1 0.756828 0.232439 0.017823 0.014082
1 0.772339 0.260604 0.010562 0.049287
1 0.755177 0.251803 0.006604 0.026991
1 0.739005 0.255323 0.012542 0.045767
1 0.653521 0.321039 0.015844 0.017603
1 0.907990 0.603269 0.013865 0.016429
1 0.891156 0.585666 0.015844 0.016429
1 0.883896 0.598575 0.011885 0.016430
2 0.888187 0.653730 0.011219 0.014082
2 0.898089 0.679547 0.012542 0.018776
1 0.961458 0.699497 0.013865 0.016429
0 0.531073 0.605029 0.012542 0.017603
0 0.550214 0.618525 0.012542 0.016429
0 0.525463 0.620285 0.010564 0.015256
0 0.474634 0.519950 0.013202 0.016429
2 0.355156 0.839731 0.018482 0.019950
0 0.554508 0.461861 0.013203 0.015256
0 0.535031 0.452473 0.007260 0.017603
