0 0.186831 0.466555 0.007921 0.019949
0 0.162407 0.465968 0.022443 0.014082
0 0.162737 0.484744 0.023104 0.016430
0 0.239969 0.420201 0.013862 0.016429
2 0.266043 0.407293 0.007921 0.016430
0 0.031707 0.274099 0.015842 0.015256
0 0.355816 0.771668 0.021123 0.012909
0 0.358127 0.789857 0.016503 0.014082
0 0.332713 0.779295 0.009241 0.023470
1 0.891818 0.585666 0.017167 0.021123
1 0.900070 0.600335 0.015182 0.019950
1 0.865745 0.595641 0.021781 0.022297
1 0.730422 0.504107 0.011219 0.017603
1 0.694448 0.506454 0.011885 0.019949
1 0.851883 0.434870 0.009901 0.017603
1 0.864094 0.456580 0.015844 0.018777
1 0.652201 0.937722 0.007922 0.016426
