1 0.866732 0.230093 0.018484 0.014081
1 0.882247 0.258844 0.009901 0.050461
1 0.865083 0.251216 0.007260 0.028165
1 0.847260 0.255323 0.012542 0.048114
1 0.613255 0.320453 0.017167 0.014081
1 0.668703 0.689522 0.010562 0.015256
2 0.642961 0.719446 0.011880 0.016430
2 0.627779 0.700670 0.011880 0.016430
2 0.619195 0.712992 0.007922 0.019949
2 0.454171 0.830930 0.017162 0.018776
0 0.593453 0.672506 0.015844 0.016429
0 0.511930 0.582732 0.007261 0.015256
0 0.492787 0.590360 0.012542 0.016430
0 0.557807 0.676026 0.011885 0.016429
0 0.531073 0.673680 0.012542 0.016430
1 0.867724 0.265885 0.005938 0.017603
