0 0.150525 0.680134 0.021123 0.015256
1 0.689826 0.812741 0.013203 0.015256
1 0.696096 0.829756 0.011224 0.016430
1 0.927461 0.687175 0.011880 0.015256
1 0.902708 0.682481 0.012542 0.015256
1 0.870693 0.833277 0.015844 0.018776
1 0.842310 0.836798 0.021120 0.016429
1 0.534044 0.800419 0.011880 0.018776
1 0.501698 0.801592 0.013202 0.018777
0 0.177920 0.465968 0.011221 0.014082
0 0.165708 0.482397 0.015842 0.011735
0 0.357466 0.884325 0.009902 0.019949
0 0.335353 0.896060 0.011882 0.015256
0 0.406644 0.457167 0.009241 0.015256
0 0.392122 0.472422 0.018483 0.015256
0 0.476615 0.421375 0.011882 0.016430
