1 0.640648 0.267058 0.019141 0.012908
1 0.825148 0.182565 0.018484 0.012908
1 0.840659 0.213663 0.011224 0.046940
1 0.822839 0.204275 0.007260 0.028164
1 0.806333 0.207209 0.011219 0.048114
2 0.582560 0.609136 0.019141 0.011735
2 0.583219 0.626152 0.012542 0.017603
1 0.471994 0.751718 0.009241 0.017603
1 0.451531 0.765800 0.019803 0.017603
1 0.571339 0.639061 0.007260 0.017603
1 0.544935 0.651970 0.013859 0.017603
0 0.370999 0.524644 0.010562 0.016430
0 0.422486 0.806286 0.014522 0.018776
0 0.396083 0.804526 0.009241 0.022296
0 0.418856 0.550461 0.012542 0.021123
0 0.391132 0.557502 0.017823 0.018776
0 0.499718 0.660771 0.009241 0.018777
0 0.474634 0.668986 0.014522 0.016429
1 0.825807 0.219531 0.005281 0.018777
