0 0.179570 0.687175 0.013202 0.022296
1 0.622167 0.801006 0.012542 0.019950
1 0.639000 0.822715 0.015844 0.016429
1 0.614245 0.814500 0.007260 0.021123
1 0.555497 0.729421 0.011224 0.022296
1 0.518200 0.709472 0.010559 0.017603
1 0.528103 0.733529 0.019804 0.018776
1 0.480245 0.453060 0.009902 0.016429
1 0.453181 0.454233 0.009902 0.016429
0 0.350866 0.279380 0.009901 0.014082
0 0.339644 0.295223 0.011222 0.012908
2 0.358127 0.288768 0.007261 0.016429
0 0.409945 0.302263 0.010562 0.010562
0 0.415885 0.313999 0.007921 0.015256
0 0.395752 0.315759 0.011221 0.014082
0 0.300698 0.650796 0.015182 0.019950
0 0.269013 0.657250 0.017822 0.018777
0 0.547245 0.449539 0.011885 0.016430
