1 0.913930 0.237720 0.019141 0.015256
1 0.931753 0.269405 0.009901 0.052808
1 0.913602 0.257083 0.007922 0.025817
1 0.895117 0.264125 0.014526 0.049288
1 0.777292 0.313412 0.017823 0.014082
1 0.697089 0.703604 0.011885 0.015256
2 0.683227 0.725900 0.011880 0.017603
2 0.667055 0.710645 0.011224 0.015256
2 0.659792 0.722967 0.007260 0.021123
2 0.496748 0.835624 0.017822 0.018776
0 0.543943 0.588013 0.010562 0.014082
0 0.550875 0.600335 0.008583 0.017602
0 0.531732 0.609723 0.015182 0.012909
0 0.706659 0.590360 0.013859 0.016430
