1 0.920862 0.471836 0.009245 0.018777
1 0.889836 0.451886 0.013203 0.016430
1 0.896107 0.474770 0.015182 0.017603
0 0.126102 0.495306 0.019803 0.021123
0 0.090786 0.498826 0.019143 0.021123
1 0.995122 0.242415 0.013859 0.015256
0 0.279905 0.737636 0.015842 0.022296
0 0.408954 0.307544 0.008581 0.016430
0 0.387501 0.311652 0.013202 0.015256
0 0.106299 0.837971 0.011882 0.018776
0 0.093757 0.870830 0.018483 0.018776
1 0.788180 0.533445 0.007922 0.019949
1 0.744284 0.520536 0.011224 0.015256
1 0.759799 0.541073 0.022443 0.018776
1 0.709299 0.480637 0.008578 0.019950
1 0.678604 0.491786 0.014521 0.016429
1 0.595102 0.923638 0.013859 0.018779
1 0.599721 0.958259 0.015182 0.022296
