1 0.796432 0.231266 0.019146 0.016429
1 0.812935 0.262364 0.009901 0.048114
1 0.795443 0.254150 0.005281 0.031684
1 0.779271 0.255323 0.011219 0.048114
1 0.686857 0.318106 0.015182 0.016429
1 0.950237 0.617351 0.015182 0.014081
1 0.955518 0.632020 0.011224 0.015256
1 0.931424 0.628500 0.013203 0.017603
2 0.829440 0.635540 0.009901 0.012908
2 0.839008 0.658424 0.011880 0.018776
2 0.390472 0.837971 0.017822 0.021123
1 0.899078 0.680134 0.014521 0.017603
0 0.613255 0.509388 0.011885 0.016430
0 0.499388 0.498826 0.008581 0.014082
0 0.506979 0.517603 0.014522 0.016430
0 0.598073 0.454233 0.011885 0.016429
0 0.574310 0.450125 0.011880 0.017603
