1 0.600383 0.250629 0.016505 0.012908
1 0.615896 0.278793 0.009240 0.048114
1 0.583221 0.274686 0.011224 0.044594
2 0.203003 0.880804 0.021783 0.017603
1 0.598404 0.268819 0.004620 0.025817
1 0.602362 0.285834 0.005943 0.024644
1 0.434698 0.335122 0.017822 0.017603
0 0.364728 0.615004 0.009902 0.018776
0 0.339644 0.629673 0.019143 0.015256
0 0.436679 0.633780 0.012542 0.016429
0 0.412915 0.625566 0.009902 0.018776
0 0.344925 0.545181 0.009902 0.015256
0 0.324132 0.550461 0.013202 0.014082
1 0.142934 0.954736 0.012542 0.017602
1 0.170328 0.953560 0.013202 0.019954
