1 0.773659 0.251216 0.014526 0.014081
1 0.809964 0.608550 0.019802 0.015256
1 0.808646 0.626152 0.014521 0.017603
1 0.737685 0.690109 0.019141 0.018777
1 0.718542 0.676026 0.008583 0.021123
1 0.658802 0.724727 0.013198 0.017603
1 0.626125 0.725314 0.012542 0.016430
2 0.395422 0.785163 0.009242 0.018776
0 0.755839 0.558089 0.014521 0.015256
0 0.731742 0.565717 0.015182 0.018776
2 0.759469 0.572171 0.012542 0.017603
0 0.633388 0.431350 0.011224 0.015256
0 0.607312 0.429589 0.010562 0.016429
