0 0.081215 0.551635 0.018483 0.021123
0 0.105969 0.535792 0.017823 0.024644
0 0.113230 0.550461 0.016502 0.023470
0 0.411265 0.397318 0.014522 0.019950
0 0.046890 0.416094 0.011882 0.019949
0 0.038638 0.441911 0.015182 0.019950
2 0.016525 0.432523 0.010562 0.022296
1 0.882247 0.440738 0.009901 0.017603
1 0.862773 0.445431 0.015839 0.015256
1 0.855180 0.423722 0.009901 0.018777
1 0.598404 0.383823 0.009901 0.016429
1 0.360437 0.663118 0.010561 0.018777
1 0.325452 0.670746 0.014522 0.022297
