0 0.406974 0.306371 0.008581 0.016429
0 0.384861 0.309891 0.013202 0.016429
0 0.006294 0.586253 0.013862 0.019950
0 0.016195 0.600335 0.013862 0.026991
0 0.312910 0.719447 0.015843 0.021123
0 0.280565 0.708885 0.010561 0.023470
1 0.898747 0.235373 0.016505 0.019950
1 0.861122 0.700670 0.013859 0.021123
1 0.886206 0.722380 0.024422 0.019949
1 0.854190 0.711819 0.011880 0.022296
1 0.593451 0.970579 0.013203 0.021120
1 0.919542 0.471836 0.007917 0.018777
1 0.894786 0.474183 0.013865 0.016429
1 0.886867 0.450713 0.009901 0.014082
1 0.642958 0.460100 0.014521 0.016429
