1 0.709299 0.232440 0.015182 0.016430
1 0.771018 0.617351 0.007922 0.018776
1 0.753195 0.609137 0.018484 0.014082
1 0.751216 0.626153 0.013203 0.015256
1 0.701378 0.676026 0.005943 0.021123
1 0.681906 0.690109 0.018479 0.018777
1 0.657151 0.704778 0.008583 0.015256
1 0.626786 0.708885 0.012542 0.014082
0 0.359117 0.755239 0.009241 0.015256
0 0.353836 0.781643 0.015842 0.018776
0 0.329742 0.774014 0.009902 0.017603
0 0.725802 0.569824 0.017823 0.015256
0 0.729102 0.586253 0.016505 0.017603
0 0.701708 0.573931 0.011885 0.023470
0 0.596753 0.459514 0.013203 0.012909
0 0.571341 0.457754 0.009901 0.016430
