0 0.226437 0.642581 0.015842 0.026991
0 0.466383 0.396731 0.007261 0.018777
0 0.444270 0.412574 0.015843 0.019949
0 0.368358 0.345683 0.009242 0.019950
0 0.394432 0.325147 0.007261 0.016429
0 0.391792 0.352138 0.015182 0.018776
0 0.276604 0.589187 0.014522 0.023470
0 0.250860 0.592707 0.015843 0.023470
1 0.925812 0.918944 0.013865 0.028167
1 0.891487 0.881978 0.013859 0.019950
1 0.892807 0.913662 0.017823 0.026991
1 0.363737 0.452473 0.015843 0.019949
1 0.333043 0.444845 0.009902 0.018777
