1 0.920862 0.471836 0.009245 0.018777
1 0.889836 0.451886 0.013203 0.016430
1 0.896107 0.474770 0.015182 0.017603
0 0.009594 0.570411 0.019143 0.023469
0 0.288486 0.735875 0.017163 0.021123
0 0.255151 0.728835 0.011222 0.021123
0 0.395422 0.296396 0.018483 0.010562
0 0.396743 0.312825 0.013202 0.015256
0 0.165378 0.833864 0.011222 0.022296
0 0.135013 0.846186 0.016502 0.018777
1 0.781911 0.540486 0.016500 0.019950
1 0.751544 0.539900 0.020464 0.021123
1 0.689497 0.492372 0.015182 0.015256
1 0.594112 0.932440 0.013203 0.019953
1 0.598404 0.967060 0.015182 0.021120
