0 0.007944 0.671332 0.018483 0.023470
0 0.099698 0.511149 0.017163 0.024644
0 0.108279 0.524644 0.014522 0.025818
0 0.077914 0.533445 0.025084 0.024644
0 0.414895 0.693043 0.015182 0.022296
2 0.386511 0.683068 0.013862 0.025817
0 0.316870 0.425482 0.013202 0.022297
0 0.292117 0.427242 0.013862 0.021123
0 0.202013 0.632020 0.013202 0.022297
0 0.178580 0.620871 0.017823 0.018776
0 0.173959 0.639061 0.017823 0.017603
1 0.453181 0.383236 0.009902 0.017603
1 0.466383 0.400838 0.015182 0.017603
1 0.445590 0.394971 0.007921 0.017603
1 0.903698 0.815675 0.026406 0.028164
1 0.884885 0.786923 0.013865 0.026991
1 0.859474 0.757585 0.010562 0.026991
