0 0.151846 0.682481 0.022443 0.015256
1 0.670023 0.797485 0.011880 0.012908
1 0.673323 0.817435 0.010562 0.017603
1 0.650219 0.809220 0.010562 0.017603
1 0.879273 0.713579 0.013203 0.016430
1 0.677615 0.756999 0.012542 0.016429
1 0.684547 0.775188 0.010562 0.015256
1 0.460112 0.810980 0.014522 0.016429
0 0.169998 0.477703 0.007261 0.016429
0 0.161417 0.465968 0.009902 0.014082
0 0.147885 0.483571 0.014522 0.014082
0 0.115210 0.908968 0.012542 0.024644
0 0.418196 0.454233 0.008581 0.014082
0 0.410275 0.472422 0.016503 0.015256
0 0.384861 0.468902 0.007921 0.017603
0 0.539654 0.409640 0.008578 0.016430
0 0.516221 0.414334 0.011882 0.014082
