0 0.125772 0.722380 0.015182 0.029338
0 0.178910 0.595641 0.010562 0.017603
0 0.202343 0.588600 0.023103 0.017602
0 0.204323 0.606203 0.023103 0.019950
0 0.484536 0.413160 0.013202 0.016430
2 0.509950 0.404946 0.009902 0.016429
0 0.107289 0.356832 0.012542 0.016429
0 0.100358 0.380302 0.017162 0.018776
2 0.078245 0.373848 0.011221 0.019949
0 0.357797 0.271166 0.009241 0.018776
0 0.345915 0.291115 0.011882 0.014082
1 0.671013 0.372674 0.011224 0.017602
1 0.685206 0.387930 0.011880 0.017603
1 0.665073 0.383236 0.008583 0.017603
1 0.431068 0.424309 0.009242 0.017603
1 0.404994 0.432523 0.009901 0.015256
