0 0.126762 0.683068 0.015842 0.028165
0 0.202343 0.546941 0.021783 0.018776
0 0.206964 0.565717 0.019143 0.018776
0 0.177589 0.555155 0.014522 0.023470
0 0.507309 0.420788 0.011222 0.019950
0 0.480575 0.427829 0.011882 0.017603
0 0.099037 0.417854 0.015843 0.021123
0 0.247560 0.254736 0.010561 0.018776
0 0.238319 0.271165 0.013202 0.014082
1 0.687846 0.380302 0.011880 0.018776
1 0.681576 0.392037 0.008578 0.018776
1 0.406974 0.421375 0.011222 0.018776
1 0.434368 0.412574 0.009242 0.017603
