1 0.601044 0.248282 0.016505 0.015256
1 0.617216 0.278206 0.009245 0.046941
1 0.583880 0.274099 0.011219 0.045767
1 0.509949 0.343923 0.015182 0.016430
1 0.619857 0.807460 0.021120 0.014082
1 0.638010 0.818021 0.008583 0.018776
1 0.618208 0.827409 0.012542 0.016430
2 0.203663 0.879044 0.017822 0.021123
1 0.605005 0.675440 0.013865 0.017602
0 0.341954 0.526404 0.007921 0.010562
0 0.332383 0.546354 0.012542 0.015256
0 0.365388 0.619112 0.012542 0.017603
0 0.335353 0.628500 0.018483 0.019949
0 0.431398 0.636127 0.013862 0.016429
