1 0.954857 0.247108 0.023099 0.015256
0 0.329742 0.708885 0.013862 0.018776
0 0.295417 0.707712 0.013862 0.021123
0 0.029067 0.665465 0.015842 0.021123
0 0.036988 0.680720 0.011882 0.018776
0 0.007944 0.691282 0.015842 0.021123
1 0.679596 0.820955 0.011224 0.022297
1 0.650552 0.824476 0.016500 0.019950
1 0.633060 0.796898 0.013203 0.016430
1 0.548896 0.812154 0.017823 0.018776
1 0.614576 0.992287 0.013203 0.015259
1 0.583552 0.989940 0.015844 0.019954
1 0.215875 0.427829 0.010562 0.019949
1 0.197063 0.420788 0.021783 0.017603
1 0.194752 0.436631 0.013202 0.014081
