0 0.202673 0.427829 0.013202 0.026991
0 0.227427 0.421375 0.024424 0.021123
0 0.231057 0.441325 0.023764 0.021123
0 0.270003 0.615004 0.014522 0.021123
0 0.305319 0.613244 0.012542 0.019950
0 0.131382 0.421375 0.013202 0.016430
0 0.123131 0.446019 0.016502 0.023470
2 0.101018 0.436631 0.011882 0.023470
0 0.105969 0.599162 0.021783 0.017603
1 0.857492 0.775188 0.019807 0.031685
1 0.891156 0.787510 0.025083 0.030511
0 0.083195 0.608550 0.009242 0.022297
0 0.107949 0.620285 0.017823 0.019949
