0 0.199043 0.686001 0.012542 0.022297
1 0.642961 0.810981 0.011880 0.011735
1 0.619857 0.809220 0.011880 0.017603
1 0.614576 0.776362 0.018484 0.012908
2 0.633060 0.757586 0.007922 0.022297
1 0.504009 0.756412 0.011222 0.019950
1 0.471994 0.757585 0.011882 0.015256
0 0.568367 0.329841 0.013203 0.011735
0 0.572328 0.341576 0.010562 0.014082
0 0.553516 0.338056 0.007260 0.014081
0 0.195742 0.468315 0.009901 0.014082
0 0.183530 0.487092 0.014522 0.011735
0 0.321161 0.648449 0.011221 0.022296
0 0.295087 0.660771 0.018483 0.016429
