0 0.403013 0.289942 0.009902 0.016430
0 0.410605 0.304024 0.006601 0.014082
0 0.388491 0.309891 0.012542 0.016429
0 0.004973 0.589187 0.013862 0.023470
0 0.012565 0.604443 0.014522 0.023470
0 0.287826 0.725314 0.011882 0.021123
0 0.322481 0.735876 0.015182 0.018776
1 0.885547 0.227159 0.016500 0.017603
1 0.835378 0.706538 0.015182 0.018776
1 0.861453 0.724141 0.023760 0.018776
1 0.826797 0.715926 0.011219 0.025817
1 0.713260 0.981139 0.013865 0.021130
1 0.915911 0.474183 0.008583 0.018777
1 0.891487 0.475356 0.015182 0.016430
1 0.885547 0.454233 0.011219 0.016429
1 0.622828 0.468315 0.012542 0.016429
