1 0.757487 0.234787 0.016505 0.014082
1 0.739995 0.259431 0.011885 0.046941
1 0.773331 0.262951 0.009901 0.049287
1 0.538664 0.323974 0.017161 0.016429
1 0.528763 0.624392 0.014526 0.014082
1 0.508629 0.616177 0.009902 0.014082
2 0.929112 0.700670 0.009901 0.018776
2 0.905021 0.693629 0.009240 0.018777
2 0.354166 0.843839 0.019143 0.023470
1 0.874326 0.744090 0.016505 0.018777
0 0.481895 0.520536 0.010561 0.015256
0 0.460442 0.518776 0.009902 0.014082
0 0.290797 0.488265 0.011221 0.014081
0 0.272974 0.505868 0.019143 0.016430
