1 0.928451 0.221878 0.020464 0.016429
1 0.943635 0.251216 0.011219 0.049287
1 0.926474 0.243588 0.007260 0.029337
1 0.908979 0.245935 0.014521 0.050461
1 0.668703 0.311652 0.017167 0.015256
1 0.709961 0.714165 0.011224 0.017603
2 0.666724 0.729421 0.010562 0.017602
2 0.648570 0.714752 0.016505 0.016429
2 0.642958 0.730008 0.010562 0.018776
2 0.506649 0.817435 0.017822 0.017603
0 0.545266 0.477704 0.014521 0.011735
0 0.548565 0.490612 0.010557 0.014081
0 0.527443 0.488265 0.009240 0.014081
0 0.449880 0.506455 0.012542 0.015256
1 0.929115 0.255910 0.007260 0.021123
