1 0.920203 0.471249 0.009240 0.017603
1 0.889836 0.450713 0.011880 0.016429
1 0.896437 0.475356 0.014521 0.021123
0 0.322481 0.714166 0.012542 0.019950
0 0.287826 0.712992 0.014522 0.019949
0 0.003653 0.595055 0.008581 0.023470
0 0.409615 0.305197 0.008581 0.016430
0 0.387171 0.310478 0.013862 0.015256
0 0.174289 0.802179 0.009242 0.015256
0 0.165048 0.789270 0.011882 0.022296
0 0.147225 0.820369 0.015842 0.011735
1 0.757159 0.518776 0.017161 0.021123
1 0.726133 0.514669 0.018484 0.022297
1 0.599393 0.930677 0.011880 0.018775
1 0.604674 0.962949 0.015839 0.024639
