1 0.860794 0.213077 0.018484 0.015256
1 0.876966 0.244175 0.009901 0.049288
1 0.859141 0.234787 0.007260 0.028164
1 0.842310 0.239481 0.014526 0.049287
1 0.546914 0.285248 0.015182 0.016429
2 0.621508 0.683655 0.011224 0.015256
2 0.636359 0.701257 0.011885 0.017603
2 0.613586 0.695389 0.008578 0.017603
2 0.448560 0.815087 0.017823 0.019949
1 0.601372 0.648449 0.013203 0.015256
1 0.566716 0.643755 0.009901 0.019949
0 0.586193 0.748197 0.014521 0.015256
0 0.479585 0.726488 0.013862 0.018777
0 0.455821 0.719446 0.008581 0.018776
0 0.542625 0.728835 0.013198 0.016429
0 0.517540 0.716513 0.007920 0.019950
1 0.862771 0.249456 0.005281 0.017602
