0 0.604674 0.372674 0.009245 0.012909
0 0.578930 0.384996 0.007922 0.016429
0 0.598732 0.394971 0.011880 0.015256
1 0.567708 0.721206 0.010563 0.015256
1 0.538992 0.744090 0.015182 0.018777
1 0.530081 0.711232 0.013203 0.025818
0 0.204653 0.359179 0.007921 0.016430
1 0.432388 0.433110 0.009242 0.014082
1 0.398723 0.440738 0.011882 0.012908
0 0.723161 0.693043 0.007260 0.022296
0 0.760456 0.713579 0.017161 0.016430
1 0.493447 0.564543 0.021783 0.016429
1 0.605995 0.653144 0.011885 0.015256
1 0.587510 0.629673 0.009240 0.015256
1 0.577281 0.641995 0.007260 0.016429
