2 0.608305 0.489438 0.023099 0.021123
0 0.350205 0.412574 0.025744 0.017603
0 0.402023 0.522883 0.007921 0.019950
0 0.369678 0.457754 0.009241 0.053981
0 0.352186 0.461861 0.009902 0.034031
0 0.331393 0.455406 0.009242 0.046941
0 0.296408 0.515843 0.007921 0.034031
0 0.352186 0.497066 0.017823 0.017603
1 0.430078 0.443671 0.023103 0.011735
1 0.432718 0.461274 0.016503 0.016430
1 0.409945 0.451886 0.009241 0.016430
1 0.457472 0.741156 0.014522 0.026991
0 0.616888 0.341576 0.009901 0.018776
0 0.591143 0.348617 0.019141 0.016429
0 0.635039 0.341576 0.013203 0.011735
