0 0.644609 0.545767 0.013865 0.016429
0 0.622497 0.539312 0.007922 0.017603
1 0.721182 0.612070 0.011219 0.019950
1 0.713589 0.639061 0.015844 0.015256
1 0.683555 0.630846 0.011224 0.022296
0 0.209604 0.319866 0.011222 0.015256
1 0.439649 0.392624 0.007921 0.015256
1 0.408624 0.401425 0.014522 0.014081
0 0.781253 0.668399 0.009901 0.026991
0 0.822505 0.687762 0.014521 0.018777
1 0.516550 0.500587 0.009900 0.022297
1 0.525464 0.514082 0.009240 0.023470
1 0.492457 0.523470 0.022443 0.016430
1 0.660784 0.748198 0.011880 0.017603
1 0.624146 0.736463 0.011219 0.022297
