2 0.299378 0.808633 0.015182 0.028165
2 0.240959 0.787510 0.021123 0.025817
0 0.949576 0.717686 0.016505 0.019950
0 0.979609 0.201928 0.026406 0.016429
0 0.976310 0.219531 0.021120 0.018777
0 0.759469 0.989356 0.023104 0.023472
0 0.805672 0.995218 0.017823 0.014083
1 0.874984 0.364459 0.031021 0.019950
1 0.656490 0.381475 0.012542 0.028164
1 0.620516 0.395557 0.018479 0.025817
1 0.795443 0.416094 0.010563 0.022297
1 0.768378 0.404359 0.023766 0.015256
1 0.764089 0.424895 0.017823 0.021123
0 0.346575 0.414334 0.027724 0.023469
0 0.031377 0.344510 0.032345 0.024644
0 0.068013 0.394384 0.022443 0.089187
0 0.032037 0.394384 0.008581 0.070411
0 0.003323 0.372088 0.007921 0.044594
