0 0.376609 0.486505 0.024424 0.019950
0 0.375949 0.378542 0.027064 0.017602
0 0.441299 0.513495 0.005941 0.041072
0 0.400373 0.437804 0.009902 0.063369
0 0.379250 0.443085 0.013862 0.043419
0 0.353176 0.431937 0.007921 0.063369
0 0.307629 0.505281 0.006601 0.043419
0 0.534703 0.598575 0.017167 0.025817
0 0.521502 0.623805 0.011882 0.024644
0 0.556487 0.637888 0.018484 0.019949
1 0.431398 0.654317 0.013862 0.024644
1 0.423807 0.691282 0.017162 0.016430
1 0.382550 0.685415 0.009902 0.023470
2 0.620518 0.869656 0.022443 0.035206
1 0.979281 0.473009 0.013865 0.018776
