2 0.456811 0.424895 0.023764 0.018776
0 0.208614 0.363873 0.027724 0.016429
0 0.263072 0.445431 0.009902 0.069237
0 0.229077 0.405532 0.011882 0.050461
0 0.209934 0.400838 0.015843 0.059849
0 0.190791 0.406119 0.010562 0.049288
0 0.155806 0.451300 0.010561 0.064544
0 0.212245 0.447779 0.020463 0.017603
1 0.672333 0.407879 0.011219 0.017603
1 0.640320 0.413747 0.011880 0.019950
1 0.355156 0.651383 0.014522 0.023469
1 0.316540 0.624979 0.013862 0.019950
1 0.319511 0.655490 0.018483 0.019949
1 0.749234 0.837971 0.025083 0.028164
1 0.701047 0.808046 0.015844 0.022296
1 0.697089 0.836211 0.025083 0.031684
0 0.470343 0.303437 0.013862 0.015256
0 0.730422 0.407293 0.008583 0.016430
0 0.705669 0.410813 0.014526 0.021123
