0 0.016855 0.441911 0.020463 0.076278
0 0.229737 0.442498 0.021123 0.018776
1 0.349215 0.802179 0.017163 0.022296
0 0.280235 0.323387 0.011222 0.012908
1 0.503679 0.402599 0.007921 0.018777
1 0.471334 0.409640 0.011882 0.016430
0 0.487506 0.630847 0.012542 0.017603
1 0.572659 0.515256 0.016505 0.018776
1 0.578268 0.532272 0.018484 0.017603
1 0.540315 0.521123 0.013859 0.018776
1 0.705339 0.607376 0.005938 0.019950
1 0.677286 0.614417 0.014521 0.017603
1 0.669034 0.586840 0.009901 0.014081
0 0.241289 0.245935 0.009901 0.012908
