0 0.045570 0.751131 0.014522 0.014082
0 0.073294 0.572758 0.010561 0.014082
0 0.093427 0.743503 0.009902 0.010562
1 0.750224 0.501174 0.012542 0.014082
1 0.733393 0.492959 0.007922 0.018776
1 0.598073 0.500000 0.010562 0.011735
1 0.565398 0.764040 0.009901 0.016430
1 0.541635 0.764040 0.011219 0.018776
1 0.810625 0.556328 0.010562 0.014082
1 0.799404 0.544006 0.009245 0.010561
1 0.792802 0.551635 0.007917 0.014082
1 0.758479 0.402599 0.010562 0.011734
1 0.991823 0.416094 0.005938 0.031684
1 0.978951 0.411987 0.011880 0.032858
