1 0.891818 0.388517 0.013198 0.011735
0 0.159437 0.630259 0.009902 0.011735
0 0.136993 0.633194 0.011222 0.012909
1 0.812276 0.508801 0.005938 0.010562
1 0.806995 0.515256 0.005938 0.011735
1 0.824156 0.521710 0.011219 0.010562
0 0.093427 0.582146 0.017822 0.014082
0 0.065703 0.579212 0.012542 0.017603
1 0.673326 0.531098 0.007922 0.015256
1 0.649891 0.533445 0.009906 0.012908
0 0.378260 0.670159 0.009241 0.016429
0 0.402353 0.675440 0.012542 0.012909
1 0.844622 0.650209 0.009901 0.016430
1 0.837688 0.661358 0.009240 0.017603
1 0.867062 0.673093 0.016500 0.012908
1 0.724154 0.901341 0.011880 0.023470
1 0.693786 0.867309 0.009240 0.014082
1 0.692466 0.898407 0.013203 0.019949
