0 0.370339 0.382063 0.026404 0.017603
0 0.367038 0.486505 0.027724 0.022296
0 0.302018 0.507628 0.007261 0.045767
0 0.347565 0.433110 0.009901 0.063369
0 0.372319 0.443671 0.007921 0.042246
0 0.395422 0.441911 0.010561 0.062196
0 0.435688 0.513495 0.007921 0.045767
0 0.530083 0.634367 0.011885 0.026991
0 0.515892 0.651969 0.009904 0.026991
0 0.550547 0.673093 0.021125 0.017603
1 0.432058 0.673093 0.009902 0.024644
1 0.447240 0.688935 0.007261 0.023470
1 0.411925 0.708298 0.019803 0.019950
2 0.612266 0.872003 0.016500 0.032858
1 0.970698 0.477117 0.013865 0.019950
