1 0.933073 0.383822 0.017823 0.011735
0 0.266703 0.408466 0.009241 0.011734
0 0.253171 0.406119 0.007261 0.011735
1 0.870365 0.531098 0.007260 0.017603
1 0.877625 0.550461 0.013865 0.014082
0 0.314230 0.516429 0.007921 0.009388
0 0.298058 0.531098 0.015182 0.012909
0 0.376610 0.739983 0.009902 0.022297
0 0.404994 0.746437 0.012542 0.016430
1 0.750227 0.579212 0.009901 0.017603
1 0.720521 0.579212 0.016500 0.017603
1 0.626125 0.891366 0.012542 0.012909
1 0.623156 0.925982 0.014521 0.016425
1 0.658802 0.931264 0.010562 0.017601
