0 0.323472 0.419028 0.025084 0.016430
0 0.323141 0.521123 0.023104 0.018776
0 0.347895 0.472423 0.011882 0.059849
0 0.325452 0.490612 0.010562 0.011735
0 0.302018 0.470075 0.007261 0.059849
2 0.533383 0.697737 0.013203 0.024644
2 0.486846 0.715339 0.009902 0.026991
1 0.368688 0.677787 0.027064 0.015256
1 0.369018 0.703604 0.019803 0.017603
2 0.520181 0.740569 0.018482 0.023470
2 0.560448 0.887258 0.021125 0.028165
1 0.469023 0.522297 0.012542 0.018777
1 0.441299 0.504107 0.019143 0.017603
1 0.432058 0.526991 0.013862 0.018776
