0 0.355156 0.427829 0.025083 0.015256
0 0.374629 0.472423 0.009901 0.055155
0 0.356476 0.514082 0.018483 0.018776
1 0.362417 0.651383 0.019803 0.023469
0 0.405654 0.540486 0.005941 0.015256
0 0.300038 0.536966 0.007261 0.015256
2 0.611935 0.506454 0.022443 0.022297
0 0.621177 0.356245 0.009240 0.017603
0 0.596753 0.365046 0.019807 0.018776
0 0.335683 0.470075 0.009901 0.052808
0 0.355156 0.485918 0.010561 0.016429
1 0.674315 0.795138 0.020464 0.024644
1 0.449880 0.713579 0.017822 0.023470
1 0.416546 0.699497 0.009241 0.021123
0 0.436348 0.409640 0.013202 0.018776
0 0.405324 0.401425 0.010561 0.016430
0 0.292777 0.531685 0.011221 0.018777
