0 0.210595 0.383823 0.027724 0.016429
0 0.214555 0.486505 0.026404 0.022296
0 0.143924 0.498827 0.011882 0.065717
0 0.189801 0.440151 0.008582 0.068063
0 0.215215 0.436044 0.014522 0.069237
0 0.237658 0.443672 0.013202 0.063369
0 0.278915 0.498826 0.009902 0.068064
0 0.819865 0.298743 0.014521 0.015256
0 0.829768 0.315172 0.010557 0.015256
0 0.800724 0.324560 0.017167 0.017602
1 0.560117 0.710645 0.015182 0.015256
1 0.544935 0.728834 0.012547 0.023470
1 0.586521 0.739396 0.017823 0.021123
1 0.826466 0.451886 0.017161 0.018776
1 0.782573 0.448366 0.012542 0.018776
