0 0.287826 0.430763 0.025084 0.016430
0 0.288486 0.526991 0.019803 0.016430
0 0.224127 0.532858 0.005941 0.042246
0 0.266703 0.481224 0.007921 0.058676
0 0.289807 0.483571 0.011882 0.051634
0 0.310600 0.483571 0.009902 0.056329
0 0.347895 0.544006 0.006601 0.055156
0 0.856172 0.362699 0.013198 0.016430
0 0.866734 0.377955 0.010562 0.021123
0 0.836701 0.387343 0.015182 0.016429
1 0.340634 0.718273 0.019803 0.016430
1 0.306969 0.701257 0.009241 0.022297
2 0.512589 0.868482 0.021781 0.030511
1 0.864422 0.507041 0.012542 0.016429
1 0.823167 0.500587 0.009240 0.019950
