1 0.824156 0.385583 0.012542 0.010562
0 0.140954 0.624392 0.016503 0.011734
0 0.157457 0.631433 0.005941 0.016430
0 0.139964 0.641408 0.011882 0.012908
1 0.814586 0.507628 0.007922 0.012909
1 0.808643 0.515842 0.006599 0.012908
1 0.826138 0.521123 0.009901 0.009389
0 0.097717 0.579212 0.009241 0.015256
0 0.063392 0.569824 0.011882 0.012908
0 0.067353 0.587427 0.018483 0.015256
0 0.009264 0.826236 0.009241 0.021123
1 0.718870 0.567477 0.009240 0.010561
1 0.692466 0.567477 0.007922 0.012909
0 0.374959 0.661358 0.007921 0.017603
0 0.398393 0.666638 0.011222 0.014082
1 0.842971 0.631433 0.007922 0.014082
1 0.816565 0.631433 0.017161 0.011735
1 0.934393 0.888432 0.011224 0.016429
