0 0.367698 0.488852 0.025084 0.019950
0 0.369018 0.380888 0.027724 0.017603
0 0.301028 0.507628 0.006601 0.041072
0 0.345915 0.434283 0.009241 0.061022
0 0.371989 0.444845 0.013862 0.042246
0 0.393772 0.440151 0.009902 0.063370
0 0.434038 0.514669 0.007261 0.041073
0 0.568039 0.684241 0.013859 0.021123
0 0.530081 0.682481 0.017161 0.024644
1 0.428097 0.681307 0.012542 0.019950
1 0.442949 0.705951 0.010561 0.019950
1 0.400703 0.715339 0.018482 0.019950
2 0.613255 0.873176 0.021125 0.035205
1 0.970698 0.475943 0.013865 0.026991
