1 0.962779 0.389103 0.016505 0.012908
0 0.278585 0.412573 0.007921 0.015256
0 0.268353 0.399665 0.007261 0.010561
0 0.262082 0.406119 0.005281 0.011735
1 0.885216 0.549288 0.006599 0.016429
1 0.857492 0.533445 0.007922 0.015256
1 0.865742 0.549874 0.011224 0.015256
0 0.322481 0.517603 0.008581 0.011735
0 0.310269 0.534032 0.017162 0.016429
0 0.410275 0.740569 0.013862 0.018776
0 0.382550 0.733529 0.009902 0.023470
1 0.873667 0.636127 0.012542 0.018777
1 0.838021 0.609723 0.007260 0.012909
1 0.844951 0.634367 0.019807 0.017603
1 0.655172 0.920702 0.011219 0.019947
1 0.621177 0.913076 0.014521 0.018776
1 0.622826 0.880804 0.011224 0.017603
