2 0.581901 0.478876 0.023104 0.021123
0 0.322811 0.403186 0.025084 0.017603
0 0.375289 0.513495 0.008581 0.024644
0 0.342614 0.448366 0.009241 0.053981
0 0.324461 0.454820 0.011222 0.034032
0 0.303998 0.446605 0.008581 0.048114
0 0.269013 0.507628 0.007261 0.034031
0 0.324792 0.488265 0.018482 0.018776
1 0.640651 0.675440 0.017823 0.022296
1 0.615234 0.656077 0.019802 0.018776
1 0.606323 0.675440 0.013865 0.019950
0 0.588172 0.329841 0.010562 0.016429
0 0.564078 0.338056 0.019146 0.018776
0 0.607643 0.330428 0.015182 0.010561
