0 0.454501 0.474183 0.007261 0.025818
0 0.424797 0.476530 0.027064 0.014082
0 0.423477 0.498240 0.028384 0.024644
0 0.638339 0.752305 0.014521 0.018776
0 0.584870 0.762866 0.019802 0.021123
1 0.648901 0.372087 0.014521 0.018776
1 0.659130 0.389690 0.012542 0.021123
1 0.621508 0.390277 0.024422 0.019950
1 0.390802 0.438391 0.010561 0.022296
1 0.353176 0.457753 0.017162 0.021123
1 0.977630 0.959431 0.027729 0.029343
1 0.588503 0.463034 0.016505 0.019950
1 0.563417 0.444258 0.021781 0.019950
1 0.555497 0.463035 0.016505 0.024644
