1 0.927133 0.391450 0.013859 0.012908
0 0.161417 0.623219 0.012542 0.014081
0 0.168018 0.633780 0.008581 0.016429
0 0.146895 0.644342 0.009901 0.014081
1 0.815245 0.509388 0.009240 0.011735
1 0.826797 0.519363 0.008583 0.010561
1 0.807656 0.516429 0.007260 0.011734
0 0.232708 0.579212 0.009902 0.019950
0 0.202673 0.565717 0.011882 0.014081
0 0.206634 0.580386 0.011882 0.012908
0 0.007944 0.822128 0.011882 0.017603
0 0.377600 0.685414 0.009241 0.014082
0 0.346905 0.689522 0.012542 0.015256
1 0.834057 0.608550 0.007260 0.017603
1 0.807984 0.608550 0.015844 0.015256
1 0.771349 0.904274 0.013865 0.015256
1 0.769701 0.586840 0.011880 0.014081
