1 0.862773 0.345097 0.011880 0.014082
0 0.282876 0.382062 0.008581 0.010561
0 0.265713 0.386169 0.008582 0.011735
1 0.893797 0.529925 0.010562 0.012908
1 0.885547 0.512322 0.011219 0.012908
1 0.914260 0.528164 0.006604 0.014082
0 0.262742 0.483571 0.007921 0.011734
0 0.252841 0.500587 0.017162 0.015256
0 0.227097 0.499413 0.006601 0.015256
0 0.376609 0.715339 0.015182 0.015256
0 0.347565 0.711232 0.009901 0.018777
1 0.705339 0.516429 0.011219 0.016429
1 0.679596 0.518776 0.015182 0.014082
1 0.669034 0.920705 0.011224 0.024646
1 0.632398 0.916008 0.014526 0.019947
1 0.633719 0.880218 0.013198 0.018776
