2 0.557477 0.477117 0.023099 0.019950
0 0.297728 0.402012 0.025083 0.015256
0 0.299378 0.490612 0.020463 0.016430
0 0.351856 0.501761 0.009242 0.048114
0 0.318521 0.448365 0.009902 0.051634
0 0.279905 0.446606 0.007921 0.050461
0 0.243269 0.498827 0.008581 0.053981
0 0.565068 0.329841 0.010562 0.016429
0 0.539654 0.336295 0.019141 0.019950
2 0.579919 0.340989 0.009901 0.012908
0 0.298718 0.445431 0.009901 0.050461
1 0.770690 0.898994 0.013859 0.028165
1 0.842641 0.936546 0.008583 0.044594
1 0.799404 0.951213 0.034328 0.031685
