0 0.178580 0.466555 0.024424 0.022297
0 0.670023 0.496479 0.018484 0.014082
0 0.672005 0.516429 0.015844 0.016429
0 0.653521 0.507628 0.006604 0.017602
1 0.785542 0.627913 0.014521 0.018776
1 0.774320 0.649036 0.011880 0.023470
1 0.809964 0.651970 0.015844 0.017603
0 0.523813 0.938306 0.019145 0.015259
0 0.524802 0.964120 0.015843 0.012907
0 0.492457 0.951213 0.009241 0.022296
0 0.223136 0.332188 0.011882 0.014081
1 0.463413 0.433110 0.011882 0.016429
1 0.426777 0.430763 0.008581 0.018776
0 0.741643 0.539899 0.009901 0.018776
0 0.706331 0.546940 0.011880 0.016429
1 0.508299 0.555155 0.011882 0.023470
1 0.543284 0.571584 0.021120 0.023470
