2 0.612596 0.506454 0.022443 0.022297
0 0.355156 0.427829 0.025083 0.015256
0 0.407304 0.538726 0.007921 0.023470
0 0.374629 0.472423 0.009901 0.055155
0 0.356477 0.477117 0.013202 0.034031
0 0.301028 0.531685 0.009242 0.030512
0 0.356476 0.514082 0.018483 0.018776
0 0.621836 0.358592 0.009245 0.017603
0 0.597414 0.365046 0.017161 0.016430
1 0.484206 0.502347 0.012542 0.018776
1 0.461432 0.487678 0.019803 0.017603
1 0.455821 0.504694 0.012542 0.018777
1 0.362417 0.651383 0.019803 0.023469
0 0.336673 0.471836 0.009242 0.051634
0 0.638669 0.357419 0.015182 0.012909
