1 0.944625 0.369740 0.014521 0.014082
0 0.280565 0.374434 0.010561 0.011735
0 0.276274 0.384409 0.007261 0.012909
0 0.292777 0.386756 0.008582 0.012908
1 0.856503 0.505281 0.005943 0.015256
1 0.863763 0.523470 0.009901 0.011735
0 0.220496 0.490612 0.007921 0.011735
0 0.227097 0.501174 0.006601 0.016429
0 0.201023 0.503520 0.015182 0.011735
0 0.322482 0.648449 0.009902 0.017602
0 0.352846 0.650209 0.016503 0.018776
1 0.697089 0.512909 0.010562 0.014082
1 0.673323 0.501760 0.010562 0.012909
1 0.669362 0.515256 0.013203 0.016430
