1 0.978951 0.387343 0.013203 0.014082
0 0.177920 0.620285 0.012542 0.012908
0 0.164388 0.603269 0.009242 0.011735
0 0.158446 0.613831 0.006601 0.014081
1 0.850560 0.514082 0.009901 0.009388
1 0.838018 0.500587 0.008578 0.010562
1 0.832078 0.509388 0.005937 0.014081
0 0.004973 0.791618 0.011222 0.022296
0 0.014545 0.805113 0.010562 0.018776
0 0.113560 0.577452 0.018483 0.011735
1 0.695107 0.491199 0.007922 0.012908
1 0.672003 0.490025 0.007922 0.012908
0 0.401693 0.657250 0.007261 0.014082
0 0.425787 0.664291 0.011882 0.014082
1 0.883234 0.659011 0.014521 0.010562
1 0.858812 0.640821 0.013198 0.016430
1 0.852211 0.652556 0.009245 0.018776
1 0.653190 0.860268 0.011224 0.014081
1 0.649891 0.889019 0.012542 0.019950
1 0.682237 0.897233 0.011224 0.019950
