0 0.320171 0.644929 0.015842 0.022296
0 0.369018 0.673093 0.011882 0.015256
0 0.341954 0.674266 0.010561 0.017603
0 0.142604 0.646689 0.010561 0.016430
0 0.124121 0.633194 0.015843 0.012909
0 0.119171 0.649622 0.012542 0.015256
1 0.803362 0.580385 0.017161 0.015256
1 0.784221 0.562196 0.010557 0.016429
1 0.777951 0.572757 0.008578 0.018776
1 0.897096 0.941829 0.018484 0.019954
1 0.930432 0.940069 0.012542 0.021120
1 0.886536 0.909555 0.013198 0.018777
1 0.854852 0.547527 0.010557 0.012908
1 0.836698 0.536966 0.007260 0.015256
1 0.644612 0.504107 0.009901 0.012909
1 0.861122 0.379128 0.016505 0.014082
