2 0.312580 0.792204 0.020463 0.028164
0 0.986542 0.724727 0.013865 0.019949
0 0.929443 0.731181 0.021125 0.018776
0 0.989513 0.189020 0.023766 0.014082
0 0.985549 0.208383 0.017161 0.017603
0 0.790161 0.991116 0.018479 0.019954
1 0.912609 0.330428 0.027063 0.015256
1 0.914260 0.352137 0.025083 0.021123
1 0.876307 0.334535 0.012542 0.023470
1 0.707320 0.371500 0.011224 0.022297
1 0.665734 0.380889 0.016500 0.022296
1 0.812935 0.359765 0.025745 0.017603
1 0.815247 0.380889 0.018484 0.022296
1 0.787852 0.369153 0.011224 0.017603
0 0.408954 0.416681 0.029705 0.025818
0 0.044579 0.329841 0.034985 0.028164
0 0.080555 0.380888 0.021123 0.090360
0 0.045239 0.381475 0.008581 0.072758
0 0.011904 0.377955 0.015842 0.079799
