0 0.380900 0.629673 0.031685 0.024644
0 0.378920 0.651383 0.029045 0.016429
0 0.742964 0.673093 0.017823 0.024644
0 0.699068 0.661944 0.017167 0.028165
0 0.797424 0.200755 0.017161 0.018776
0 0.799734 0.183152 0.021781 0.014082
0 0.572990 0.985245 0.021125 0.029343
1 0.667055 0.404946 0.031026 0.021123
1 0.628107 0.389690 0.016505 0.025818
1 0.488826 0.419614 0.009902 0.022297
1 0.449220 0.435457 0.017823 0.023469
1 0.897427 0.606789 0.017823 0.028164
1 0.861125 0.565717 0.017823 0.016430
1 0.856833 0.600922 0.021125 0.025818
1 0.642630 0.456580 0.011219 0.023469
1 0.605005 0.431936 0.013865 0.018776
1 0.610286 0.458340 0.017823 0.022297
