0 0.273304 0.489438 0.026404 0.018777
0 0.690156 0.532271 0.008583 0.019950
0 0.665732 0.533445 0.015182 0.019949
1 0.751878 0.746437 0.018484 0.016430
1 0.716563 0.739396 0.017823 0.025817
1 0.742635 0.722967 0.018479 0.018776
0 0.533383 0.953560 0.007922 0.029343
0 0.484206 0.929506 0.011222 0.032859
0 0.176599 0.326320 0.011221 0.016430
1 0.423477 0.417268 0.009901 0.015256
1 0.387171 0.425482 0.013862 0.017603
0 0.716232 0.601509 0.007922 0.019949
0 0.752536 0.621458 0.015844 0.022296
1 0.506649 0.534619 0.023104 0.017602
1 0.471664 0.530511 0.012542 0.018776
