0 0.348885 0.518189 0.023104 0.019949
0 0.348555 0.413747 0.027724 0.019950
0 0.412915 0.545181 0.005941 0.038726
0 0.372979 0.470075 0.010562 0.064544
0 0.351526 0.474183 0.013862 0.039899
0 0.326442 0.467728 0.008582 0.059849
0 0.281885 0.539900 0.006601 0.039899
2 0.560776 0.700670 0.012542 0.025817
2 0.547245 0.744090 0.017167 0.021123
2 0.515560 0.718273 0.009242 0.030511
1 0.474634 0.613244 0.022443 0.019950
1 0.481235 0.640235 0.018483 0.017603
1 0.800396 0.620285 0.017823 0.019949
1 0.843302 0.603269 0.007260 0.021123
0 0.916901 0.477117 0.018479 0.019950
1 0.496088 0.521710 0.012542 0.019950
1 0.467373 0.504107 0.021123 0.017603
1 0.459782 0.525231 0.012542 0.015256
