2 0.405324 0.446605 0.022443 0.017603
0 0.144585 0.389690 0.029044 0.016430
0 0.197062 0.453060 0.013862 0.063369
0 0.165708 0.432523 0.014522 0.052807
0 0.146565 0.426069 0.021123 0.061023
0 0.125111 0.431937 0.011222 0.049288
0 0.091447 0.460688 0.009902 0.073931
0 0.147555 0.477116 0.020463 0.017603
1 0.627117 0.426656 0.011880 0.017602
1 0.595102 0.433110 0.015182 0.021123
1 0.705339 0.541073 0.011219 0.018776
1 0.676625 0.546354 0.015844 0.019950
1 0.702367 0.884325 0.023766 0.029338
1 0.648901 0.884912 0.025083 0.032858
0 0.940992 0.390276 0.015182 0.017603
0 0.912940 0.383236 0.015839 0.017603
2 0.979281 0.381475 0.012542 0.018777
