0 0.296077 0.570997 0.029705 0.026991
0 0.664081 0.733529 0.027724 0.030511
0 0.612594 0.222465 0.021125 0.017602
1 0.620518 0.411987 0.017161 0.023470
1 0.587182 0.395557 0.023104 0.018776
1 0.581240 0.416681 0.024427 0.023470
1 0.406974 0.448952 0.009902 0.019949
1 0.368028 0.463621 0.017823 0.023470
1 0.814586 0.707711 0.013203 0.030511
1 0.769370 0.670746 0.017823 0.019949
1 0.773000 0.705951 0.021125 0.026991
1 0.572000 0.477117 0.013865 0.019950
1 0.544604 0.462448 0.023760 0.021123
1 0.538005 0.485331 0.015844 0.019949
