0 0.038639 0.403186 0.028384 0.012908
0 0.068013 0.444258 0.018483 0.071584
0 0.038638 0.442498 0.005941 0.058676
0 0.010914 0.442498 0.012542 0.068064
0 0.347895 0.464208 0.022443 0.017603
0 0.324461 0.329254 0.011222 0.017603
1 0.528763 0.418441 0.013203 0.015256
0 0.591141 0.550461 0.012542 0.016430
0 0.561438 0.541073 0.008583 0.021123
1 0.383871 0.634954 0.021783 0.011735
1 0.380900 0.653730 0.023764 0.021123
1 0.554836 0.502347 0.008578 0.014082
1 0.547576 0.514669 0.008578 0.015256
