0 0.268353 0.400838 0.033665 0.022297
0 0.270003 0.514082 0.027724 0.028164
0 0.244590 0.455994 0.015182 0.064543
0 0.271654 0.461861 0.019143 0.064543
0 0.296077 0.460100 0.013862 0.063369
0 0.339974 0.547527 0.007921 0.026991
0 0.231387 0.626739 0.024424 0.028164
0 0.182870 0.618525 0.011882 0.030512
1 0.157786 0.721794 0.034325 0.039900
2 0.690156 0.702431 0.021781 0.026991
1 0.404664 0.468315 0.029044 0.023469
1 0.410274 0.491199 0.019143 0.024644
1 0.380900 0.484744 0.014522 0.025817
