0 0.086496 0.375608 0.025084 0.014082
0 0.142934 0.445431 0.015182 0.073931
0 0.109929 0.419028 0.013862 0.051635
0 0.090126 0.413160 0.019143 0.061022
0 0.068673 0.419028 0.006601 0.049287
0 0.030717 0.451886 0.009902 0.072757
0 0.090126 0.461861 0.023104 0.017603
2 0.357137 0.449539 0.022443 0.016430
0 0.213235 0.479463 0.017162 0.017603
0 0.778281 0.542247 0.010562 0.021123
0 0.813594 0.562783 0.017823 0.022297
0 0.372649 0.668985 0.016503 0.011735
0 0.374299 0.696563 0.013202 0.024644
2 0.289476 0.685415 0.025744 0.018776
2 0.284196 0.710058 0.017822 0.023470
1 0.763758 0.464794 0.021120 0.018776
1 0.757487 0.480050 0.016505 0.018776
