0 0.255811 0.400838 0.031024 0.026991
0 0.258782 0.519950 0.030365 0.035206
0 0.231718 0.454233 0.013202 0.061022
0 0.260102 0.469488 0.011882 0.039899
0 0.283205 0.461274 0.013202 0.065717
0 0.327432 0.549288 0.009241 0.030512
0 0.182540 0.543420 0.008581 0.037553
0 0.306309 0.631433 0.011882 0.030511
0 0.256471 0.647862 0.021783 0.028164
1 0.158777 0.715339 0.037626 0.034031
2 0.679924 0.702431 0.021120 0.029337
1 0.370009 0.462448 0.013862 0.023469
1 0.389481 0.491199 0.019803 0.022297
1 0.358457 0.480637 0.009242 0.022296
