1 0.813266 0.417855 0.014521 0.011735
0 0.008604 0.673093 0.019803 0.015256
1 0.715901 0.519363 0.011219 0.012909
1 0.899406 0.694803 0.012542 0.016430
1 0.875977 0.688935 0.018484 0.014081
1 0.872013 0.700670 0.022443 0.018776
1 0.650883 0.463034 0.013203 0.008215
1 0.650221 0.473009 0.011880 0.011735
1 0.934065 0.654903 0.011880 0.014082
1 0.919214 0.638475 0.012542 0.014082
1 0.912609 0.650209 0.011219 0.014081
0 0.250530 0.568064 0.008582 0.011735
0 0.234028 0.569824 0.011222 0.012908
0 0.172639 0.643755 0.017822 0.012908
0 0.177259 0.656077 0.011222 0.011735
0 0.159107 0.653144 0.010561 0.015256
