1 0.987203 0.416681 0.007260 0.037552
1 0.973672 0.414921 0.005281 0.029338
1 0.960797 0.411400 0.012542 0.034031
1 0.788513 0.416094 0.015182 0.010562
1 0.795112 0.546940 0.015182 0.014082
1 0.605664 0.508215 0.009901 0.011735
0 0.151516 0.640235 0.017823 0.010562
0 0.147885 0.655490 0.013202 0.015256
0 0.166368 0.644929 0.010561 0.015256
0 0.276934 0.505281 0.007261 0.010562
0 0.269343 0.515256 0.009242 0.011735
0 0.386511 0.675440 0.011222 0.012909
0 0.359117 0.672506 0.007921 0.016429
0 0.199373 0.441324 0.009241 0.011735
0 0.191782 0.448952 0.013862 0.010562
2 0.207624 0.441911 0.007261 0.010561
