1 0.504999 0.360352 0.023764 0.016429
1 0.504339 0.441325 0.023764 0.018777
1 0.522822 0.407293 0.009242 0.049287
1 0.485856 0.406706 0.010562 0.050461
1 0.504999 0.408466 0.010561 0.046940
1 0.452851 0.443671 0.006601 0.023470
0 0.503349 0.538726 0.016503 0.025817
0 0.541964 0.553395 0.026406 0.024644
0 0.615237 0.441325 0.011880 0.018777
2 0.344265 0.435457 0.024424 0.021123
1 0.576289 0.498240 0.015839 0.022296
2 0.056461 0.963537 0.036306 0.021130
2 0.056131 0.991116 0.022443 0.019954
0 0.655831 0.474769 0.009901 0.015256
0 0.643951 0.487678 0.016505 0.019949
2 0.083855 0.972338 0.010561 0.029343
