1 0.989182 0.431936 0.011219 0.035206
1 0.775638 0.431937 0.013203 0.016429
0 0.249540 0.595054 0.007921 0.014082
0 0.225777 0.600922 0.010561 0.016429
0 0.138644 0.668399 0.017163 0.015256
0 0.144254 0.680721 0.012542 0.016429
0 0.122141 0.679547 0.011882 0.016430
0 0.017845 0.603269 0.017163 0.014082
0 0.023786 0.615591 0.011882 0.015256
0 0.004313 0.614417 0.009902 0.012908
1 0.911620 0.676613 0.019802 0.019949
1 0.885216 0.668986 0.011880 0.016429
1 0.773990 0.649036 0.009906 0.014082
1 0.662763 0.519363 0.010557 0.012909
1 0.649229 0.521123 0.007260 0.011735
1 0.942974 0.969991 0.019146 0.019944
1 0.920862 0.948282 0.009245 0.021120
