2 0.628437 0.352725 0.022448 0.017603
1 0.775310 0.290528 0.023099 0.017603
2 0.772008 0.363286 0.015182 0.017603
1 0.744945 0.325734 0.016505 0.062195
1 0.774648 0.326320 0.011224 0.053981
1 0.803365 0.328668 0.011885 0.061022
0 0.299048 0.641995 0.014522 0.014082
0 0.299048 0.667225 0.022443 0.026991
0 0.253171 0.673093 0.020464 0.026991
0 0.666721 0.693629 0.017161 0.025818
0 0.451861 0.416681 0.016503 0.018776
1 0.451861 0.602095 0.016503 0.023470
2 0.383210 0.784576 0.028384 0.017603
2 0.381560 0.811567 0.018483 0.022297
1 0.531401 0.400251 0.010563 0.016429
