1 0.995784 0.370327 0.009901 0.026991
1 0.899078 0.373848 0.011885 0.010562
1 0.830427 0.490025 0.010562 0.012908
1 0.808643 0.476530 0.007922 0.014082
1 0.899078 0.610897 0.017167 0.015256
1 0.882247 0.595054 0.009901 0.016429
1 0.873664 0.603856 0.005943 0.017603
1 0.638008 0.386756 0.009901 0.008215
1 0.648901 0.396731 0.006604 0.009388
1 0.635701 0.396731 0.007922 0.009388
1 0.975982 0.863788 0.009901 0.014082
0 0.205314 0.566890 0.013202 0.014082
0 0.211585 0.578038 0.009902 0.015256
0 0.191451 0.578625 0.011882 0.014082
