1 0.987862 0.368567 0.005943 0.028165
1 0.974661 0.364459 0.012542 0.034031
1 0.797094 0.368567 0.013865 0.011735
1 0.786862 0.558675 0.013203 0.016429
1 0.861784 0.646689 0.013859 0.018776
1 0.633060 0.397905 0.007922 0.009389
1 0.623156 0.389103 0.009240 0.010562
1 0.619526 0.397318 0.007260 0.010562
1 0.937034 0.866135 0.019141 0.018776
1 0.957497 0.858507 0.008578 0.019950
0 0.166368 0.566890 0.014522 0.014082
0 0.171648 0.578625 0.009242 0.016430
0 0.152836 0.579212 0.011221 0.012909
0 0.301028 0.576278 0.010561 0.014082
0 0.273304 0.578625 0.009241 0.016430
