1 0.794784 0.721206 0.017161 0.026991
1 0.736693 0.684828 0.014521 0.022296
1 0.752534 0.720033 0.033005 0.022296
1 0.483216 0.636127 0.007921 0.025818
1 0.457142 0.650210 0.019143 0.021123
1 0.346245 0.386756 0.011222 0.017603
1 0.383871 0.385583 0.011221 0.019949
0 0.068343 0.650796 0.015182 0.022296
0 0.035668 0.660184 0.019803 0.024644
0 0.161417 0.512322 0.008581 0.031684
2 0.636690 0.218944 0.009901 0.015256
0 0.616227 0.220118 0.020464 0.017603
0 0.459782 0.837971 0.015182 0.025818
0 0.427107 0.836798 0.015842 0.028164
0 0.628437 0.668985 0.022448 0.023470
