0 0.062072 0.718860 0.009241 0.022297
1 0.857492 0.469488 0.014526 0.014082
0 0.316540 0.640235 0.005941 0.017603
0 0.295417 0.648449 0.012542 0.015256
0 0.232708 0.651970 0.016502 0.017603
0 0.257132 0.646102 0.009902 0.022296
0 0.108609 0.552808 0.011221 0.016429
0 0.114880 0.562782 0.009241 0.015256
0 0.096397 0.565717 0.011882 0.014081
1 0.876964 0.559262 0.012542 0.015256
1 0.870365 0.568650 0.008583 0.015256
1 0.887526 0.573344 0.011219 0.015256
1 0.783560 0.576865 0.007922 0.015256
1 0.762438 0.578038 0.011885 0.017603
1 0.878615 0.664878 0.009240 0.019949
1 0.889508 0.680134 0.013859 0.015256
1 0.871685 0.672506 0.008578 0.016429
1 0.961128 0.469489 0.009245 0.035206
1 0.948586 0.465381 0.007922 0.029337
1 0.935714 0.463035 0.011219 0.036379
