1 0.539654 0.289942 0.019141 0.016430
1 0.654513 0.225985 0.020464 0.012909
1 0.673656 0.260604 0.012542 0.058676
1 0.654513 0.259431 0.005943 0.046941
1 0.634711 0.257670 0.015182 0.055155
0 0.210924 0.548701 0.012542 0.015256
0 0.202013 0.575105 0.026404 0.021123
0 0.161417 0.575692 0.012542 0.022296
0 0.491797 0.522297 0.014522 0.016429
0 0.467373 0.526404 0.014522 0.017603
1 0.385191 0.497653 0.016503 0.021123
1 0.344595 0.502347 0.015842 0.021123
1 0.894128 0.648449 0.012547 0.022296
1 0.878945 0.669572 0.028380 0.019950
1 0.835708 0.662531 0.014521 0.024644
