1 0.200363 0.254737 0.024423 0.021123
1 0.451531 0.199581 0.014522 0.053981
1 0.489817 0.201342 0.014522 0.055156
0 0.263072 0.681894 0.025744 0.028164
0 0.298718 0.696563 0.025744 0.034031
0 0.255481 0.706538 0.025084 0.025817
1 0.186501 0.538139 0.012542 0.022296
1 0.228087 0.546941 0.019143 0.023470
1 0.800062 0.548700 0.023760 0.024644
1 0.822177 0.563956 0.011219 0.024644
1 0.796432 0.571584 0.019146 0.021123
1 0.853862 0.481224 0.015182 0.023470
1 0.953536 0.558675 0.020458 0.025818
