1 0.777292 0.481811 0.012542 0.010562
0 0.021146 0.693630 0.017163 0.011735
1 0.939013 0.461861 0.011224 0.010561
1 0.949906 0.481224 0.006604 0.032858
1 0.938354 0.480050 0.005937 0.028164
1 0.926802 0.476530 0.010562 0.030511
0 0.337994 0.569824 0.006601 0.010561
0 0.329742 0.580386 0.009902 0.012908
1 0.857492 0.721207 0.010557 0.012908
1 0.837690 0.710058 0.013203 0.014081
1 0.832737 0.721207 0.011224 0.017603
0 0.218516 0.690108 0.007921 0.011735
0 0.212245 0.678374 0.009902 0.014082
0 0.200693 0.690109 0.009241 0.014082
1 0.926471 0.609723 0.009901 0.012909
1 0.920201 0.592707 0.006599 0.014081
1 0.911951 0.600335 0.004620 0.015256
1 0.775310 0.592707 0.008578 0.011735
2 0.256471 0.818021 0.013862 0.016430
