1 0.835049 0.455406 0.011880 0.011735
1 0.989841 0.457753 0.008578 0.032858
1 0.976969 0.454819 0.005281 0.026991
1 0.965089 0.453059 0.011885 0.035206
1 0.978951 0.434870 0.013203 0.012908
0 0.376609 0.667812 0.012542 0.009389
0 0.379910 0.680134 0.011222 0.012908
0 0.363737 0.674853 0.007921 0.011735
1 0.806995 0.626739 0.013865 0.009388
1 0.806995 0.639648 0.013865 0.014082
0 0.185180 0.681307 0.009902 0.015256
0 0.172639 0.674267 0.008581 0.015256
1 0.942646 0.918944 0.010562 0.018778
1 0.916901 0.909555 0.010562 0.018777
2 0.232378 0.825063 0.017162 0.016429
1 0.752536 0.688935 0.010562 0.014081
