0 0.269343 0.511148 0.035645 0.034031
0 0.268353 0.397318 0.033665 0.024644
0 0.194092 0.534619 0.011882 0.052807
0 0.242609 0.460688 0.015182 0.073931
0 0.270993 0.454233 0.020463 0.077452
0 0.294427 0.461274 0.015843 0.068063
0 0.337333 0.536966 0.006601 0.055156
0 0.701708 0.760519 0.026406 0.032858
1 0.303668 0.715926 0.033005 0.032857
2 0.260432 0.677787 0.012542 0.029338
1 0.628437 0.728835 0.022448 0.032858
1 0.393112 0.470075 0.031025 0.019949
1 0.419516 0.481811 0.015182 0.024644
1 0.390472 0.495306 0.023104 0.023469
