1 0.996445 0.441911 0.009901 0.034031
1 0.948258 0.460100 0.015182 0.014082
0 0.138974 0.674853 0.013862 0.016429
0 0.145904 0.687175 0.011882 0.017603
0 0.118180 0.691282 0.018483 0.016430
0 0.219176 0.593294 0.010562 0.015256
0 0.194752 0.590947 0.007921 0.015256
0 0.263732 0.457167 0.008581 0.008215
0 0.269013 0.465381 0.007261 0.010561
0 0.255151 0.464795 0.009902 0.014082
1 0.882576 0.714752 0.017161 0.016429
1 0.859143 0.701844 0.013859 0.018776
1 0.852872 0.712992 0.013203 0.019949
1 0.546917 0.605029 0.012542 0.012908
1 0.812273 0.585667 0.009901 0.011735
1 0.805016 0.569237 0.008583 0.009388
1 0.955846 0.927745 0.011880 0.026992
1 0.970701 0.958843 0.019141 0.021130
