1 0.829109 0.478877 0.014521 0.011735
1 0.945945 0.456580 0.014526 0.011734
1 0.944294 0.474769 0.008578 0.029337
1 0.955846 0.477703 0.007922 0.035205
1 0.933073 0.473596 0.011219 0.034031
0 0.247560 0.511735 0.009242 0.011735
0 0.235348 0.511149 0.008582 0.012908
0 0.206964 0.675440 0.008581 0.017602
0 0.193432 0.685415 0.010561 0.016430
1 0.755508 0.576278 0.009901 0.011735
1 0.776630 0.579799 0.007260 0.014082
1 0.873333 0.561023 0.009240 0.016429
1 0.882245 0.572758 0.011219 0.014082
1 0.867065 0.569824 0.005943 0.015256
1 0.942974 0.831517 0.012542 0.017602
1 0.944294 0.856160 0.013859 0.019950
1 0.968060 0.862028 0.009901 0.017603
