1 0.758477 0.426069 0.011880 0.014082
1 0.960797 0.417268 0.013865 0.012909
1 0.947594 0.433110 0.012542 0.032858
1 0.959148 0.434870 0.007922 0.029338
1 0.971029 0.435457 0.007922 0.035205
2 0.207624 0.649036 0.008581 0.018776
0 0.200033 0.641408 0.009242 0.017603
0 0.186171 0.658424 0.019803 0.014082
0 0.319511 0.623219 0.011882 0.016430
0 0.295087 0.624979 0.009241 0.017603
0 0.473314 0.462448 0.007921 0.014082
0 0.466053 0.470075 0.010561 0.015256
0 0.134353 0.514669 0.011221 0.012908
0 0.139964 0.521710 0.009241 0.015256
0 0.122801 0.525817 0.013202 0.014082
1 0.771680 0.539900 0.011880 0.014082
1 0.791482 0.536965 0.009245 0.017603
1 0.884555 0.522296 0.011880 0.011735
1 0.894128 0.535792 0.011224 0.012908
1 0.878945 0.528751 0.008578 0.015256
1 0.933734 0.843838 0.012542 0.021123
1 0.954529 0.839731 0.007922 0.022296
