0 0.298058 0.447192 0.031024 0.025818
0 0.426117 0.654904 0.012542 0.023470
0 0.393772 0.647862 0.019143 0.023470
0 0.117190 0.676026 0.019143 0.014082
0 0.118841 0.709472 0.023764 0.029338
0 0.147885 0.392037 0.010561 0.018776
0 0.105968 0.410226 0.020463 0.019949
0 0.535031 0.369740 0.017823 0.016429
0 0.544935 0.386756 0.015182 0.022296
0 0.510610 0.384996 0.023104 0.023470
1 0.611604 0.523470 0.024427 0.018776
1 0.578930 0.504694 0.015839 0.023469
1 0.570018 0.522884 0.013859 0.024644
1 0.369348 0.637301 0.013862 0.016430
1 0.336343 0.635541 0.020463 0.019950
1 0.659792 0.420788 0.011219 0.015256
1 0.648570 0.445431 0.016505 0.019950
1 0.623487 0.436630 0.008578 0.021123
