2 0.610945 0.358006 0.021786 0.018776
1 0.753195 0.367980 0.022443 0.015256
1 0.756497 0.295223 0.021120 0.017603
1 0.713919 0.342750 0.011224 0.065717
1 0.739005 0.334535 0.011219 0.046941
1 0.755836 0.331601 0.013203 0.055155
1 0.772008 0.334535 0.009901 0.046941
1 0.795443 0.350964 0.009240 0.061022
0 0.418196 0.720620 0.019143 0.021123
0 0.395422 0.744677 0.033005 0.022296
0 0.894786 0.742917 0.023104 0.023470
0 0.453841 0.413747 0.013862 0.017603
0 0.430408 0.418441 0.013202 0.019950
1 0.447570 0.603856 0.014522 0.019950
1 0.404334 0.599749 0.012542 0.021123
2 0.365058 0.792204 0.027724 0.018777
2 0.364728 0.819782 0.020463 0.024644
1 0.485856 0.436631 0.014522 0.018776
1 0.462423 0.436631 0.009902 0.016430
