1 0.591802 0.565716 0.013865 0.021123
1 0.475294 0.582146 0.013202 0.018777
1 0.468693 0.606203 0.015842 0.010561
1 0.439979 0.602096 0.011222 0.021123
1 0.370999 0.381475 0.011882 0.016429
1 0.333703 0.385583 0.013862 0.017603
0 0.291127 0.603269 0.019803 0.016429
0 0.263733 0.598575 0.016503 0.016430
2 0.628437 0.215424 0.007917 0.017603
0 0.623156 0.206622 0.011885 0.011735
0 0.606654 0.217770 0.018484 0.015256
0 0.538003 0.796312 0.013203 0.024644
0 0.507309 0.810980 0.019143 0.028164
0 0.605995 0.672506 0.015844 0.023469
0 0.655833 0.668986 0.012542 0.025818
