0 0.080555 0.724141 0.009242 0.023470
1 0.904029 0.444258 0.013859 0.012909
1 0.995781 0.421962 0.012542 0.010562
1 0.996443 0.442498 0.005937 0.030511
1 0.982911 0.438391 0.011885 0.034031
0 0.296407 0.460100 0.010561 0.009388
0 0.299708 0.468315 0.009242 0.011735
0 0.282545 0.467142 0.011882 0.011735
0 0.482555 0.577451 0.011882 0.014082
0 0.215215 0.475356 0.010561 0.011735
0 0.228087 0.475356 0.008581 0.011735
0 0.180230 0.668986 0.013202 0.014082
0 0.161087 0.673093 0.009242 0.012908
1 0.915250 0.535205 0.008583 0.014082
1 0.925812 0.548114 0.011219 0.011735
1 0.908979 0.542833 0.006604 0.012908
1 0.834719 0.801006 0.011219 0.019950
1 0.822836 0.817434 0.020464 0.015256
1 0.793464 0.806873 0.009240 0.022296
