1 0.628766 0.254736 0.023104 0.016430
1 0.842310 0.186086 0.023766 0.017603
1 0.861453 0.224812 0.015844 0.064544
1 0.838349 0.223638 0.009240 0.055155
1 0.816565 0.220118 0.017161 0.062196
0 0.690487 0.697737 0.022443 0.024644
0 0.651542 0.673093 0.010562 0.029338
0 0.454171 0.466555 0.019803 0.019949
1 0.515230 0.505281 0.017821 0.022296
1 0.474964 0.490612 0.011221 0.023470
1 0.554836 0.674266 0.020464 0.022297
1 0.532724 0.657837 0.010562 0.026991
1 0.706659 0.410226 0.013859 0.022297
1 0.696758 0.426656 0.011224 0.019950
1 0.726133 0.434283 0.018484 0.018776
