1 0.872674 0.482984 0.011880 0.012908
1 0.945615 0.459514 0.013865 0.012909
1 0.931753 0.475356 0.011224 0.032858
1 0.943635 0.477117 0.007260 0.031685
1 0.955516 0.478877 0.007260 0.037552
0 0.124782 0.529925 0.007921 0.012908
0 0.109269 0.535205 0.009902 0.014082
0 0.186171 0.702431 0.011882 0.015256
0 0.171648 0.696563 0.006601 0.012909
1 0.778279 0.579212 0.007922 0.012909
1 0.758146 0.580385 0.008583 0.015256
1 0.881917 0.576278 0.010562 0.014082
1 0.872346 0.562196 0.009901 0.014082
1 0.866734 0.571584 0.009240 0.016430
1 0.972018 0.892539 0.016505 0.017603
