1 0.605995 0.363286 0.021125 0.017603
1 0.768708 0.308718 0.017823 0.014082
1 0.786531 0.338056 0.009906 0.056328
1 0.768378 0.340402 0.006599 0.044594
1 0.749896 0.337469 0.013198 0.055155
0 0.475954 0.563956 0.014522 0.019950
0 0.446580 0.552221 0.008581 0.017603
0 0.374629 0.620285 0.020464 0.024644
0 0.335353 0.626739 0.015842 0.021123
0 0.364728 0.525817 0.020463 0.014082
0 0.390472 0.563956 0.009902 0.015256
0 0.380900 0.582732 0.015842 0.015256
1 0.985883 0.719446 0.009901 0.025817
1 0.658802 0.495306 0.011885 0.018777
1 0.674977 0.512909 0.015182 0.021123
1 0.649891 0.508801 0.008583 0.017603
