1 0.846271 0.438391 0.014521 0.012909
1 0.960469 0.416681 0.014521 0.011735
1 0.971359 0.437218 0.008583 0.038726
1 0.958818 0.436044 0.005938 0.029338
1 0.947266 0.431936 0.010563 0.030511
0 0.199373 0.641408 0.011882 0.017603
0 0.185511 0.659597 0.017163 0.016430
2 0.205974 0.649623 0.009241 0.019949
0 0.343934 0.648449 0.010561 0.017602
0 0.317531 0.651383 0.010561 0.018777
0 0.472984 0.461274 0.008581 0.014081
0 0.465723 0.470662 0.008581 0.014082
0 0.133363 0.514669 0.009241 0.012908
0 0.138643 0.524644 0.009241 0.016430
0 0.122141 0.526404 0.011882 0.015256
1 0.779602 0.545180 0.011880 0.012908
1 0.884227 0.522296 0.011224 0.011735
1 0.895120 0.535792 0.010562 0.015256
1 0.879935 0.529338 0.007922 0.014082
