1 0.852539 0.443671 0.015182 0.011735
1 0.989844 0.437804 0.012542 0.035206
0 0.288816 0.602682 0.005941 0.012908
0 0.267363 0.610310 0.010561 0.014082
0 0.113890 0.525231 0.008582 0.010561
0 0.121481 0.533445 0.009241 0.015256
0 0.102668 0.536965 0.013862 0.012908
0 0.239639 0.609137 0.015842 0.009388
0 0.241619 0.622632 0.010561 0.012908
2 0.622497 0.820955 0.017161 0.015256
2 0.623815 0.839731 0.013203 0.015256
1 0.580581 0.807460 0.013859 0.016429
1 0.820195 0.628500 0.016505 0.010562
1 0.818875 0.640235 0.016500 0.012908
