0 0.614906 0.606790 0.007260 0.023470
0 0.573318 0.629673 0.017823 0.022296
0 0.225447 0.447192 0.019143 0.016429
0 0.231718 0.467142 0.021123 0.016430
0 0.188151 0.459514 0.018482 0.017602
0 0.380900 0.303437 0.007921 0.015256
0 0.370668 0.322213 0.013862 0.015256
1 0.578930 0.740570 0.019807 0.032858
1 0.529423 0.728248 0.021123 0.026991
0 0.515890 0.175525 0.011220 0.012908
0 0.520841 0.191367 0.007921 0.014081
0 0.499718 0.184325 0.013202 0.014082
0 0.721182 0.749371 0.016500 0.024644
0 0.684875 0.740570 0.016500 0.025818
