1 0.891818 0.416094 0.015844 0.012908
1 0.710620 0.506454 0.009906 0.010562
1 0.734385 0.512322 0.007260 0.010562
1 0.884555 0.708298 0.017161 0.015256
1 0.858812 0.695976 0.015844 0.016429
1 0.852211 0.708885 0.017161 0.018776
1 0.626786 0.495893 0.011219 0.010561
1 0.617547 0.485918 0.008583 0.014082
1 0.819867 0.674853 0.017161 0.014082
1 0.836370 0.688935 0.010562 0.014081
1 0.814586 0.688348 0.013203 0.015256
0 0.167028 0.582145 0.009241 0.011735
0 0.152506 0.576865 0.015843 0.010561
0 0.149205 0.590360 0.011882 0.014081
0 0.174949 0.630846 0.015843 0.012909
0 0.179900 0.644342 0.012542 0.016430
0 0.159767 0.643755 0.010561 0.017603
