0 0.232378 0.497653 0.025084 0.023470
0 0.561438 0.594468 0.017823 0.017602
0 0.594112 0.494132 0.009245 0.016430
0 0.565398 0.485918 0.020464 0.014082
0 0.561109 0.507041 0.019802 0.018776
0 0.231058 0.640234 0.010562 0.022296
0 0.212575 0.630846 0.023764 0.012909
0 0.207954 0.654904 0.018483 0.023470
0 0.040949 0.291115 0.009241 0.016429
1 0.387171 0.681307 0.013862 0.022296
2 0.471664 0.708885 0.020463 0.021123
2 0.477935 0.731181 0.015842 0.018776
2 0.445920 0.728248 0.011222 0.022297
