1 0.988521 0.417267 0.007260 0.036379
1 0.975320 0.415507 0.005943 0.030511
1 0.961789 0.412574 0.011880 0.034032
1 0.808643 0.418441 0.013203 0.012908
1 0.793794 0.549874 0.015182 0.012909
1 0.912940 0.630259 0.009245 0.011735
1 0.902047 0.641408 0.012542 0.012908
1 0.667383 0.537552 0.009245 0.011734
1 0.647250 0.530511 0.005938 0.011735
0 0.175939 0.645515 0.009902 0.016429
0 0.157786 0.646689 0.011882 0.014081
0 0.270664 0.525231 0.010561 0.012909
0 0.276274 0.514082 0.007261 0.011735
0 0.360437 0.659011 0.010561 0.015256
0 0.333043 0.666052 0.012542 0.015256
