0 0.059432 0.275860 0.036966 0.021123
0 0.137653 0.387343 0.012542 0.089186
0 0.089796 0.336882 0.013202 0.065717
0 0.066033 0.326320 0.017162 0.072757
0 0.035998 0.333362 0.009901 0.063369
0 0.529753 0.503520 0.031026 0.018776
0 0.507970 0.506454 0.009902 0.022297
0 0.433708 0.169070 0.015842 0.014082
0 0.409615 0.176698 0.017823 0.022297
0 0.293107 0.156162 0.013202 0.016429
0 0.681906 0.593294 0.025083 0.019949
1 0.588833 0.604443 0.010562 0.028165
1 0.552195 0.605616 0.029703 0.021123
1 0.551867 0.634367 0.029047 0.026991
0 0.066363 0.386756 0.027064 0.022296
