1 0.984893 0.416681 0.007922 0.037552
1 0.971029 0.416681 0.006599 0.030511
1 0.957826 0.412574 0.013203 0.036379
1 0.874654 0.418441 0.013203 0.010562
1 0.937034 0.881977 0.015182 0.017603
0 0.157126 0.647275 0.009241 0.012908
0 0.164717 0.656077 0.007261 0.018776
0 0.147225 0.662531 0.013202 0.015256
0 0.301358 0.639648 0.009902 0.016429
0 0.276604 0.647276 0.013202 0.015256
1 0.628768 0.445431 0.011224 0.008215
1 0.630419 0.453646 0.007922 0.010561
1 0.618536 0.449539 0.006604 0.011735
1 0.784221 0.541073 0.014526 0.011735
1 0.801383 0.542246 0.007922 0.011735
1 0.781909 0.552221 0.015182 0.012909
1 0.617216 0.517603 0.010557 0.011735
