1 0.991492 0.426656 0.011880 0.034031
1 0.935385 0.443672 0.014521 0.014082
0 0.135013 0.686001 0.015182 0.017603
0 0.101348 0.699497 0.017823 0.018777
0 0.257792 0.653143 0.012542 0.012908
0 0.231058 0.650209 0.009241 0.016430
0 0.203333 0.610897 0.009242 0.012908
0 0.196402 0.626739 0.011221 0.014082
0 0.179900 0.624979 0.005941 0.015256
1 0.945286 0.672506 0.009240 0.021123
1 0.910630 0.655490 0.012542 0.017603
1 0.633388 0.464208 0.005943 0.010562
1 0.623815 0.457754 0.011880 0.007041
1 0.621177 0.466555 0.010562 0.010562
1 0.960138 0.943000 0.013859 0.022296
1 0.943964 0.963537 0.015844 0.021130
