0 0.038308 0.726488 0.009241 0.023469
1 0.796763 0.467728 0.011880 0.012908
0 0.290466 0.573931 0.009241 0.016429
0 0.310929 0.578038 0.011882 0.015256
0 0.177590 0.694803 0.010561 0.023470
0 0.167688 0.715926 0.018483 0.021124
0 0.088806 0.550461 0.009902 0.014082
0 0.096397 0.560436 0.007921 0.015256
0 0.077915 0.563369 0.010561 0.016430
0 0.281885 0.574518 0.009241 0.012908
1 0.926471 0.589187 0.009901 0.014082
1 0.915911 0.600335 0.011219 0.015256
1 0.730094 0.572758 0.010562 0.014082
1 0.751878 0.572171 0.007922 0.015256
1 0.862771 0.902514 0.010562 0.023470
1 0.873005 0.888432 0.013865 0.030512
1 0.887198 0.916010 0.014521 0.017603
2 0.144254 0.711819 0.009902 0.024644
1 0.921193 0.464208 0.007260 0.036379
1 0.908648 0.463621 0.005943 0.028165
1 0.897758 0.458340 0.011880 0.029338
