1 0.760458 0.459514 0.009240 0.012909
1 0.959146 0.451886 0.010562 0.011735
1 0.969380 0.471249 0.007260 0.034031
1 0.957497 0.471836 0.007266 0.028164
1 0.946276 0.465969 0.011219 0.035206
0 0.017185 0.541660 0.010562 0.008214
0 0.023126 0.549288 0.009241 0.014082
0 0.004973 0.552221 0.008581 0.008215
0 0.286506 0.573931 0.006601 0.011735
0 0.277595 0.584493 0.011221 0.011735
1 0.872013 0.706538 0.013203 0.011735
1 0.850891 0.695390 0.013198 0.015256
1 0.846271 0.707125 0.013198 0.015256
0 0.205314 0.682481 0.009242 0.015256
0 0.191782 0.677200 0.011221 0.011735
0 0.187491 0.690108 0.009241 0.011735
1 0.787521 0.587426 0.009240 0.010562
1 0.769039 0.578038 0.007922 0.015256
1 0.958815 0.606203 0.009901 0.012909
1 0.946935 0.589187 0.008578 0.011735
1 0.940664 0.597988 0.007922 0.010561
2 0.246900 0.822129 0.014522 0.015256
