1 0.566388 0.547527 0.010557 0.019949
1 0.554508 0.573344 0.017161 0.019950
1 0.529753 0.561609 0.008578 0.022296
1 0.582560 0.461275 0.011224 0.021123
1 0.594440 0.485331 0.015182 0.019949
1 0.445260 0.659011 0.011222 0.024644
1 0.398063 0.675440 0.015842 0.024644
0 0.215875 0.457754 0.023764 0.016430
0 0.220826 0.475356 0.015182 0.018776
0 0.197392 0.468902 0.010562 0.019950
0 0.763427 0.233026 0.019146 0.012908
0 0.784552 0.240654 0.008583 0.018777
0 0.760128 0.248282 0.019141 0.015256
0 0.505329 0.501761 0.009902 0.017603
0 0.465393 0.505281 0.014522 0.019950
