1 0.775638 0.344510 0.011880 0.012908
1 0.975318 0.894887 0.017823 0.017603
0 0.376279 0.396731 0.011882 0.011735
0 0.288156 0.502934 0.008581 0.010562
0 0.282875 0.516429 0.012542 0.011734
0 0.266043 0.518776 0.007921 0.014082
0 0.303338 0.460100 0.016503 0.016429
0 0.301358 0.593881 0.009902 0.011735
0 0.274294 0.600922 0.013862 0.016429
1 0.678276 0.390277 0.007260 0.010561
1 0.687188 0.400252 0.010562 0.011735
1 0.672664 0.397905 0.006599 0.011735
1 0.833398 0.568063 0.017818 0.016429
1 0.798742 0.657838 0.007922 0.017603
1 0.770029 0.663705 0.013859 0.017603
