0 0.056131 0.701844 0.010562 0.025818
1 0.813924 0.451886 0.011880 0.014081
0 0.262742 0.560436 0.011882 0.015256
0 0.180230 0.661357 0.013202 0.019950
0 0.185511 0.673680 0.014522 0.018776
0 0.160757 0.676613 0.017823 0.019949
0 0.340304 0.908381 0.011222 0.023470
0 0.331062 0.934786 0.017823 0.022298
0 0.309279 0.928919 0.011222 0.024644
1 0.928122 0.568064 0.009245 0.011735
1 0.761445 0.555742 0.009901 0.017603
1 0.739664 0.556329 0.009901 0.016430
1 0.582562 0.854987 0.012542 0.024644
1 0.610284 0.878457 0.020464 0.022297
1 0.912281 0.572171 0.015844 0.015256
1 0.909969 0.583906 0.012542 0.012908
1 0.930763 0.448952 0.007922 0.036379
1 0.919214 0.447192 0.007260 0.032858
1 0.907990 0.444258 0.011219 0.031685
