0 0.059762 0.429003 0.028384 0.015256
0 0.120821 0.512909 0.010561 0.070410
0 0.083525 0.471836 0.012542 0.049288
0 0.064052 0.467142 0.019803 0.061022
0 0.041609 0.476530 0.007921 0.053981
0 0.003653 0.525817 0.009902 0.063369
0 0.064052 0.515256 0.022443 0.016430
2 0.329082 0.501760 0.023103 0.019950
0 0.324462 0.352725 0.017822 0.012908
0 0.319511 0.365633 0.014522 0.012908
0 0.776299 0.411400 0.010557 0.017602
0 0.806664 0.423722 0.015839 0.016429
0 0.339644 0.761693 0.011222 0.023470
0 0.367038 0.777535 0.019803 0.024644
2 0.258782 0.731769 0.026404 0.019950
2 0.251521 0.756999 0.017163 0.025818
1 0.756826 0.414920 0.009901 0.015256
