0 0.068343 0.718273 0.009902 0.025818
1 0.813594 0.474183 0.012542 0.014082
0 0.282545 0.626739 0.009242 0.018776
0 0.302018 0.631433 0.012542 0.016430
0 0.161087 0.679547 0.015843 0.018776
0 0.166038 0.690695 0.013862 0.019950
0 0.141944 0.691282 0.017162 0.016430
0 0.367368 0.923051 0.009902 0.026991
0 0.358127 0.952389 0.017823 0.022296
0 0.378920 0.927744 0.010561 0.024642
0 0.071643 0.792204 0.011221 0.018777
0 0.049860 0.802766 0.012542 0.016430
1 0.955518 0.606789 0.011224 0.016429
1 0.973669 0.606789 0.010557 0.016429
1 0.751547 0.579212 0.011219 0.015256
1 0.772669 0.578038 0.008578 0.015256
1 0.731083 0.909555 0.012542 0.028164
1 0.744615 0.933613 0.019802 0.024645
1 0.878284 0.583319 0.011224 0.014082
1 0.919542 0.467729 0.009240 0.034031
1 0.943305 0.471836 0.007922 0.037553
