1 0.897099 0.424895 0.014521 0.014081
1 0.982581 0.948866 0.028380 0.019954
1 0.980930 0.971167 0.022443 0.022296
1 0.647911 0.445432 0.012542 0.010562
1 0.651542 0.455406 0.009240 0.011735
1 0.637680 0.453060 0.007922 0.014082
1 0.933404 0.668399 0.014526 0.015256
1 0.900398 0.661944 0.017161 0.018776
0 0.257461 0.576278 0.007921 0.014082
0 0.249540 0.589773 0.013202 0.015256
0 0.233698 0.588600 0.006601 0.015256
0 0.371659 0.541073 0.009242 0.014082
0 0.346575 0.540486 0.010561 0.012909
0 0.125772 0.681894 0.015182 0.018776
0 0.133033 0.694216 0.012542 0.017603
0 0.101348 0.697737 0.020464 0.017603
