1 0.863763 0.374434 0.013859 0.011735
1 0.994133 0.370327 0.009245 0.041073
1 0.978951 0.367980 0.006599 0.034032
1 0.963768 0.365046 0.013203 0.039900
0 0.318191 0.412574 0.010561 0.010562
0 0.304659 0.413160 0.007261 0.009389
0 0.399713 0.512909 0.012542 0.014082
1 0.920203 0.900754 0.010562 0.019950
1 0.912940 0.878457 0.013203 0.022297
1 0.890167 0.897820 0.019146 0.018776
1 0.857492 0.596815 0.014526 0.015256
1 0.548896 0.427242 0.013865 0.009388
1 0.546586 0.438391 0.011880 0.012909
1 0.912940 0.626739 0.014526 0.016429
