1 0.782240 0.413160 0.014521 0.014081
1 0.908320 0.384996 0.015839 0.011735
1 0.920201 0.407293 0.006599 0.037552
1 0.906669 0.406119 0.008578 0.030511
1 0.894458 0.402012 0.011885 0.036379
0 0.600052 0.754652 0.010562 0.016430
0 0.567378 0.758172 0.013859 0.018776
2 0.802044 0.639648 0.007922 0.014082
2 0.789503 0.622045 0.007922 0.011735
2 0.783891 0.631433 0.007260 0.014082
0 0.111579 0.578038 0.014522 0.012908
0 0.092767 0.581559 0.012542 0.012908
0 0.017845 0.600335 0.011882 0.012909
0 0.005964 0.612657 0.013202 0.011735
1 0.841320 0.622045 0.011224 0.014082
1 0.815906 0.610897 0.009240 0.015256
1 0.879604 0.849706 0.008583 0.021123
1 0.865742 0.870830 0.015182 0.018776
1 0.723823 0.544007 0.016500 0.012908
1 0.700388 0.545767 0.013203 0.014082
