0 0.044909 0.713579 0.013202 0.021123
1 0.788510 0.457754 0.013865 0.011735
0 0.278915 0.688935 0.012542 0.018776
0 0.304328 0.684241 0.011882 0.018777
2 0.167688 0.687175 0.009242 0.022296
0 0.159767 0.678374 0.011882 0.023469
0 0.143594 0.696563 0.017823 0.017602
0 0.090126 0.546354 0.009902 0.012909
0 0.098378 0.556915 0.009242 0.017603
0 0.079235 0.559262 0.010562 0.015256
0 0.155806 0.622631 0.015843 0.015256
1 0.862773 0.559849 0.014526 0.016430
1 0.736034 0.565130 0.010557 0.015256
1 0.756167 0.562196 0.007260 0.016429
1 0.996112 0.883151 0.013203 0.024644
1 0.925484 0.453646 0.010562 0.036380
1 0.913602 0.454233 0.006599 0.030511
1 0.902049 0.451299 0.009901 0.034031
