1 0.530743 0.340989 0.023764 0.019949
1 0.530083 0.394971 0.010563 0.036379
1 0.548565 0.389690 0.007922 0.049287
1 0.512590 0.386756 0.009902 0.052808
1 0.579922 0.443085 0.007260 0.034032
0 0.518531 0.514669 0.012542 0.029338
0 0.446250 0.417267 0.014522 0.017603
2 0.371989 0.418441 0.027064 0.022297
1 0.559128 0.482984 0.014526 0.017603
1 0.519190 0.473009 0.009901 0.016430
2 0.085836 0.938306 0.034326 0.024648
2 0.085505 0.968819 0.023104 0.026991
1 0.387831 0.459514 0.017823 0.019950
0 0.666724 0.453646 0.010562 0.015256
0 0.659133 0.470662 0.016505 0.018776
0 0.634378 0.468902 0.007922 0.017603
2 0.112900 0.947106 0.011882 0.025824
