0 0.067683 0.687762 0.013862 0.018777
1 0.875646 0.444258 0.013865 0.010561
1 0.996443 0.421375 0.011219 0.009388
1 0.996443 0.441912 0.005937 0.029338
1 0.983242 0.440151 0.009901 0.035206
0 0.295747 0.459514 0.010561 0.008215
0 0.300038 0.468315 0.009902 0.011735
0 0.282215 0.466555 0.011222 0.010562
0 0.482555 0.577451 0.011882 0.014082
0 0.255811 0.470662 0.008581 0.011735
0 0.243599 0.465969 0.006601 0.011735
0 0.185181 0.670745 0.011222 0.015256
0 0.179570 0.658424 0.014522 0.011735
0 0.165708 0.670746 0.010561 0.012908
1 0.914922 0.535792 0.009240 0.015256
1 0.926471 0.548700 0.011224 0.012908
1 0.907659 0.542833 0.007922 0.010561
1 0.822177 0.816848 0.016500 0.016429
1 0.802044 0.794551 0.009245 0.018776
1 0.794453 0.803939 0.007260 0.023470
