2 0.485196 0.422549 0.023764 0.021123
1 0.774979 0.334535 0.023760 0.016430
1 0.827128 0.424895 0.009245 0.072757
1 0.792471 0.382649 0.009901 0.053981
1 0.773000 0.376781 0.011885 0.063369
1 0.753195 0.382649 0.011880 0.053981
1 0.717549 0.404945 0.006599 0.046941
1 0.771018 0.419028 0.026401 0.021124
1 0.388491 0.469488 0.020463 0.021123
0 0.451861 0.521710 0.016503 0.019950
0 0.431398 0.506454 0.008581 0.019949
0 0.567708 0.617938 0.014521 0.017603
2 0.578602 0.636127 0.009901 0.023470
0 0.544607 0.635541 0.027724 0.019950
