1 0.824487 0.464208 0.013203 0.012908
0 0.005303 0.705364 0.013202 0.014082
1 0.959807 0.440738 0.013198 0.010562
1 0.970370 0.460688 0.006604 0.036379
1 0.957828 0.461274 0.005281 0.028165
1 0.945945 0.457167 0.010557 0.036379
0 0.344265 0.701844 0.013863 0.014082
0 0.320171 0.697150 0.009241 0.018776
2 0.841979 0.712405 0.007260 0.014082
2 0.828779 0.702431 0.009901 0.012909
2 0.826469 0.715926 0.009240 0.014081
0 0.387171 0.554568 0.015182 0.012908
0 0.078245 0.596228 0.012542 0.016430
0 0.083855 0.606203 0.009242 0.012909
1 0.863763 0.680134 0.007266 0.015256
1 0.839669 0.679547 0.009245 0.014081
1 0.908979 0.887258 0.010563 0.023470
1 0.902711 0.909555 0.009901 0.016429
1 0.876305 0.891366 0.007266 0.017602
1 0.782240 0.583319 0.009240 0.011735
1 0.766068 0.579799 0.013865 0.011735
1 0.763427 0.589774 0.013865 0.012908
