1 0.924492 0.424309 0.015182 0.012908
1 0.990833 0.956495 0.015844 0.023472
1 0.969708 0.975273 0.019802 0.023472
1 0.642958 0.455406 0.010562 0.014081
1 0.629758 0.453059 0.007922 0.011735
1 0.930763 0.671332 0.014526 0.016430
0 0.190132 0.588600 0.007921 0.012909
0 0.183860 0.602095 0.012542 0.014081
0 0.167358 0.602095 0.005941 0.016430
0 0.309279 0.537552 0.008581 0.016429
0 0.285516 0.536966 0.011222 0.015256
0 0.128412 0.673680 0.011222 0.011735
0 0.114220 0.694216 0.022443 0.017603
