0 0.596753 0.529338 0.010557 0.018776
0 0.558138 0.528751 0.013859 0.019950
0 0.573651 0.349791 0.010562 0.018776
0 0.560779 0.366220 0.019141 0.016429
0 0.547904 0.365046 0.007922 0.014081
0 0.558135 0.378542 0.003302 0.017602
0 0.537674 0.379128 0.011224 0.016429
0 0.360437 0.526404 0.007921 0.019950
0 0.339644 0.521710 0.017822 0.010562
0 0.338324 0.540486 0.015182 0.015256
2 0.424467 0.740569 0.022444 0.018776
1 0.396082 0.695389 0.017162 0.019949
1 0.349215 0.686588 0.009241 0.023470
