0 0.253831 0.400251 0.033665 0.025818
0 0.253831 0.510562 0.029705 0.030512
0 0.178910 0.539900 0.010562 0.049288
0 0.230397 0.460101 0.014522 0.065717
0 0.255811 0.468315 0.012542 0.042246
0 0.280235 0.458340 0.012542 0.066890
0 0.323141 0.542246 0.008582 0.042246
0 0.461432 0.857920 0.023764 0.030511
0 0.396083 0.825063 0.021123 0.039899
1 0.290136 0.715339 0.038946 0.026991
2 0.246900 0.680134 0.010561 0.029338
1 0.656820 0.714753 0.022443 0.030511
1 0.395092 0.494719 0.021783 0.024644
1 0.365718 0.484158 0.013202 0.024644
