1 0.985221 0.417267 0.007266 0.036379
1 0.971690 0.416094 0.006599 0.029338
1 0.958487 0.412574 0.010557 0.036379
1 0.846602 0.417268 0.013859 0.010561
1 0.924492 0.864962 0.011224 0.021123
0 0.155146 0.646102 0.007921 0.012908
0 0.150526 0.663118 0.013202 0.014082
0 0.132042 0.664878 0.007921 0.012908
0 0.329412 0.667225 0.014522 0.015256
1 0.626786 0.443672 0.011219 0.009388
1 0.627117 0.453060 0.009245 0.009388
1 0.799073 0.545767 0.011219 0.014082
1 0.781581 0.537552 0.013203 0.011734
1 0.777620 0.548114 0.013198 0.014081
1 0.691807 0.552808 0.009240 0.014082
1 0.666724 0.551048 0.009240 0.015256
