2 0.644279 0.243001 0.023766 0.021123
1 0.791482 0.177285 0.023766 0.014082
1 0.812276 0.215424 0.012542 0.066890
1 0.788844 0.214837 0.005281 0.056328
1 0.767719 0.212490 0.015844 0.065717
1 0.485856 0.494133 0.017163 0.021123
1 0.447900 0.477117 0.009902 0.019950
0 0.388161 0.468315 0.015842 0.016429
0 0.372649 0.490612 0.020463 0.018776
0 0.400373 0.481224 0.013862 0.021123
0 0.514240 0.633194 0.011882 0.029337
0 0.475954 0.658424 0.018483 0.018776
2 0.349215 0.817434 0.017163 0.026991
2 0.322151 0.802765 0.023764 0.021123
2 0.311590 0.827409 0.014522 0.025817
0 0.445590 0.739396 0.017162 0.028165
0 0.393112 0.745263 0.016502 0.028164
