1 0.892148 0.360352 0.013859 0.009388
1 0.989841 0.352725 0.013859 0.036379
1 0.957497 0.862028 0.027068 0.022296
0 0.377930 0.395558 0.009901 0.009388
0 0.364728 0.395557 0.007261 0.011735
0 0.370668 0.387930 0.007261 0.005868
0 0.272974 0.490612 0.008581 0.011735
0 0.264062 0.505281 0.010561 0.012908
0 0.192772 0.488852 0.009241 0.015256
0 0.184191 0.503520 0.017162 0.016430
0 0.290797 0.659597 0.013862 0.018776
0 0.260102 0.657838 0.011882 0.017603
1 0.792141 0.400838 0.009240 0.010562
1 0.854852 0.585080 0.009245 0.015256
1 0.885547 0.593881 0.011219 0.016429
