0 0.118841 0.627326 0.022444 0.015256
1 0.794784 0.538726 0.011880 0.011735
1 0.798742 0.549874 0.011880 0.012909
1 0.776958 0.541659 0.014521 0.015256
1 0.987531 0.636714 0.014521 0.015256
1 0.981591 0.646689 0.011880 0.016430
1 0.917232 0.663705 0.011224 0.015256
1 0.902378 0.647276 0.011880 0.015256
1 0.896107 0.659011 0.009901 0.012908
0 0.253171 0.605616 0.008581 0.011735
0 0.260102 0.615004 0.007921 0.014082
0 0.243269 0.616764 0.012542 0.012908
0 0.008934 0.512322 0.009901 0.015256
1 0.363737 0.507628 0.010561 0.012909
