0 0.029727 0.485331 0.021123 0.073931
0 0.554177 0.540486 0.007260 0.024644
0 0.583552 0.552808 0.015844 0.016429
0 0.311590 0.350377 0.007921 0.017603
0 0.317861 0.340403 0.011221 0.018776
0 0.411265 0.540486 0.007921 0.019950
0 0.402023 0.554569 0.007921 0.019950
0 0.482885 0.434870 0.011222 0.017603
1 0.347895 0.596815 0.011882 0.019950
1 0.306639 0.599162 0.015182 0.019949
1 0.437668 0.606203 0.005281 0.019950
1 0.419846 0.597988 0.019803 0.012908
1 0.417205 0.619698 0.014522 0.016430
