0 0.638339 0.581559 0.017167 0.019950
0 0.593122 0.566303 0.011224 0.022297
0 0.368028 0.627326 0.027064 0.022296
0 0.372649 0.654903 0.028384 0.021123
0 0.326112 0.636127 0.018483 0.025818
0 0.429417 0.559849 0.013862 0.021123
0 0.399383 0.559849 0.014522 0.021123
0 0.583880 0.436631 0.013865 0.014081
0 0.558797 0.425482 0.007260 0.017603
1 0.452851 0.463035 0.011882 0.017603
1 0.429417 0.443672 0.016503 0.014082
1 0.424467 0.465381 0.011882 0.015256
1 0.632070 0.396144 0.015182 0.017603
1 0.592464 0.386756 0.008583 0.019950
