1 0.996112 0.426656 0.006599 0.036380
1 0.981919 0.427243 0.005943 0.030511
1 0.969049 0.423135 0.013203 0.036379
1 0.777292 0.421962 0.012542 0.012908
1 0.791482 0.559262 0.015839 0.012908
1 0.630747 0.532272 0.011224 0.012908
0 0.166038 0.647862 0.017822 0.011735
0 0.169668 0.661944 0.013202 0.014081
0 0.151846 0.655490 0.007921 0.012908
0 0.331063 0.514082 0.007261 0.011735
0 0.322811 0.523470 0.009242 0.011735
0 0.277925 0.597988 0.007921 0.012908
0 0.252841 0.605616 0.011882 0.014082
