0 0.238649 0.536379 0.020463 0.018776
0 0.263402 0.589774 0.014522 0.017603
0 0.304328 0.592120 0.018483 0.015256
0 0.476945 0.575105 0.021783 0.016430
0 0.459782 0.552221 0.008582 0.019950
0 0.450541 0.564543 0.008581 0.023469
0 0.140624 0.516429 0.015843 0.016429
1 0.656823 0.637300 0.021125 0.021123
1 0.626128 0.621458 0.013859 0.015256
1 0.618536 0.641408 0.015844 0.022297
0 0.666393 0.306957 0.007266 0.010561
0 0.673326 0.319280 0.011880 0.011735
1 0.885547 0.421375 0.007260 0.011735
1 0.409945 0.588600 0.014522 0.019950
0 0.690156 0.321040 0.007260 0.010561
1 0.549227 0.500587 0.007922 0.017603
1 0.518202 0.513495 0.014524 0.017602
