1 0.604344 0.350964 0.019146 0.016429
1 0.708638 0.288181 0.020464 0.012909
1 0.728443 0.321039 0.009906 0.059849
1 0.707651 0.319866 0.005281 0.048114
1 0.688174 0.318693 0.015182 0.057502
1 0.439649 0.563956 0.017162 0.019950
0 0.387501 0.579212 0.014522 0.019950
0 0.368358 0.564543 0.017162 0.016429
0 0.361097 0.583319 0.013202 0.018776
0 0.434368 0.685415 0.007921 0.025817
0 0.400373 0.708885 0.024423 0.021123
2 0.249540 0.985833 0.019803 0.028167
2 0.210265 0.989352 0.015182 0.025815
0 0.327102 0.921877 0.017823 0.019950
0 0.276935 0.924222 0.016503 0.029333
