0 0.344595 0.345683 0.030365 0.017602
1 0.389811 0.360352 0.012542 0.021123
1 0.434368 0.366806 0.017162 0.022296
0 0.408624 0.467728 0.006601 0.055155
0 0.368688 0.402599 0.012542 0.063369
0 0.321491 0.398491 0.007921 0.059849
0 0.346905 0.393211 0.016503 0.068064
0 0.344595 0.450713 0.025084 0.016429
0 0.277265 0.460688 0.010561 0.059849
2 0.661443 0.467729 0.029042 0.022296
0 0.471334 0.505281 0.026404 0.019950
0 0.465393 0.528164 0.030365 0.025818
0 0.508299 0.510562 0.015842 0.030512
0 0.618536 0.749957 0.023760 0.030511
0 0.675966 0.755238 0.011880 0.029338
1 0.561107 0.795138 0.023766 0.022296
1 0.532724 0.764040 0.009240 0.030511
1 0.418526 0.626739 0.030365 0.028164
1 0.371989 0.600335 0.015182 0.026991
