1 0.995784 0.440738 0.011224 0.036379
1 0.895776 0.448952 0.014521 0.012908
0 0.137653 0.672506 0.013862 0.016429
0 0.144584 0.683655 0.013202 0.015256
0 0.115870 0.686001 0.016503 0.015256
0 0.223136 0.593294 0.010561 0.012908
0 0.198053 0.592707 0.009242 0.014081
0 0.234688 0.484158 0.009902 0.012908
1 0.911620 0.709471 0.018479 0.015256
1 0.888846 0.697736 0.013859 0.015256
1 0.881917 0.708298 0.014521 0.017602
1 0.551206 0.612070 0.010557 0.017603
1 0.578271 0.613244 0.010562 0.015256
1 0.811945 0.585080 0.010557 0.012909
1 0.805016 0.569824 0.008583 0.010561
1 0.982250 0.932440 0.014521 0.019953
1 0.978620 0.960602 0.017823 0.019944
1 0.949247 0.948870 0.013203 0.022296
