0 0.218186 0.285834 0.029705 0.019950
1 0.846271 0.360939 0.013198 0.022296
1 0.801383 0.366219 0.017161 0.023470
0 0.282215 0.384409 0.009902 0.080972
0 0.242609 0.338056 0.012542 0.058676
0 0.221156 0.330428 0.019803 0.071583
0 0.197062 0.333362 0.007261 0.056329
0 0.221156 0.386170 0.026404 0.021123
0 0.153166 0.391450 0.011882 0.073931
2 0.521833 0.391450 0.028387 0.026991
0 0.335353 0.434283 0.009241 0.023470
0 0.359777 0.453646 0.018483 0.022296
0 0.480905 0.247695 0.019143 0.018776
0 0.691146 0.432523 0.010563 0.019950
0 0.650880 0.441911 0.018479 0.019950
1 0.649891 0.512322 0.029708 0.019949
2 0.434698 0.660771 0.029705 0.028164
2 0.426447 0.688349 0.018483 0.024644
1 0.521832 0.668399 0.031024 0.024644
1 0.565068 0.674266 0.021125 0.031684
1 0.514571 0.695976 0.031026 0.030511
