1 0.590810 0.292875 0.022443 0.019949
1 0.824818 0.224225 0.023104 0.016430
1 0.800724 0.257083 0.018479 0.063370
1 0.823167 0.259430 0.010562 0.056329
1 0.845612 0.262364 0.011880 0.062196
0 0.354166 0.597401 0.020463 0.025818
0 0.308289 0.609723 0.021123 0.019950
0 0.697089 0.564543 0.015844 0.023469
0 0.441629 0.334535 0.010561 0.018776
0 0.420836 0.339816 0.015182 0.017603
0 0.387171 0.512322 0.012542 0.019949
0 0.359447 0.508215 0.012542 0.018776
0 0.358127 0.489438 0.013862 0.014082
1 0.483215 0.527578 0.018483 0.019950
1 0.521830 0.519363 0.008579 0.019950
2 0.427767 0.742330 0.018483 0.024644
2 0.428427 0.715339 0.026404 0.019950
1 0.706331 0.352138 0.007922 0.018776
