1 0.836698 0.450126 0.011219 0.010561
0 0.022796 0.681894 0.019143 0.018776
1 0.987203 0.430176 0.012542 0.010561
1 0.973010 0.447192 0.010562 0.030511
1 0.985221 0.450713 0.007266 0.023469
1 0.999083 0.452473 0.005938 0.031684
0 0.288486 0.552808 0.011882 0.007042
0 0.289807 0.563956 0.007921 0.008215
0 0.279245 0.558675 0.006601 0.014082
1 0.623487 0.767560 0.013859 0.016430
1 0.603354 0.787510 0.018479 0.016430
0 0.196402 0.667812 0.009902 0.016430
1 0.952878 0.912489 0.009901 0.015256
1 0.926474 0.911902 0.012542 0.021123
1 0.809964 0.622045 0.010562 0.014082
2 0.238979 0.815675 0.015843 0.016429
1 0.633719 0.788097 0.009240 0.017603
