0 0.333373 0.346270 0.030365 0.018776
0 0.459452 0.327494 0.019803 0.014082
0 0.477605 0.344510 0.013862 0.017603
0 0.452521 0.341576 0.012542 0.021123
1 0.387501 0.360939 0.014522 0.017603
1 0.433378 0.359179 0.013862 0.021123
0 0.397733 0.467142 0.008581 0.058676
0 0.358787 0.403772 0.012542 0.063369
0 0.335353 0.393797 0.017162 0.069237
0 0.311260 0.399078 0.009902 0.056329
0 0.334693 0.449539 0.025084 0.021123
0 0.266703 0.461861 0.009241 0.062196
2 0.650549 0.469489 0.025745 0.025817
0 0.161087 0.504694 0.017162 0.025818
0 0.173299 0.522884 0.011222 0.024644
0 0.140954 0.531685 0.021783 0.025818
0 0.507309 0.499413 0.015182 0.026991
0 0.472324 0.491785 0.027064 0.018776
0 0.468364 0.516429 0.028384 0.023469
0 0.637018 0.797485 0.023766 0.029338
0 0.581570 0.758172 0.011880 0.035206
1 0.548896 0.777535 0.019146 0.031685
1 0.362088 0.600335 0.015182 0.029337
1 0.407634 0.627326 0.028384 0.029337
