0 0.049200 0.473596 0.024424 0.024644
0 0.697417 0.565130 0.016500 0.019950
0 0.663091 0.552221 0.009901 0.022296
0 0.421826 0.510562 0.025084 0.014082
0 0.421496 0.529338 0.016503 0.018776
0 0.403343 0.514669 0.007921 0.017603
0 0.640651 0.359179 0.012542 0.016430
0 0.625797 0.372674 0.021125 0.017602
2 0.649229 0.367980 0.007260 0.017603
1 0.466383 0.678960 0.016503 0.022296
1 0.424137 0.665465 0.009902 0.025817
2 0.379580 0.690695 0.014522 0.024644
2 0.369018 0.707712 0.010561 0.025818
