1 0.870693 0.360939 0.015844 0.012909
1 0.979940 0.863202 0.019141 0.026991
1 0.969708 0.878457 0.014521 0.019950
0 0.377599 0.393210 0.010561 0.011735
0 0.282545 0.507041 0.009242 0.011735
0 0.278254 0.521123 0.009902 0.011735
0 0.305319 0.448365 0.011222 0.014082
0 0.310599 0.457167 0.008581 0.015256
0 0.290466 0.457754 0.014522 0.014081
0 0.263402 0.578625 0.010562 0.016430
0 0.233698 0.589773 0.010561 0.015256
1 0.632727 0.380889 0.009901 0.010561
1 0.629427 0.390277 0.007260 0.010561
1 0.644609 0.393210 0.008583 0.011735
1 0.803365 0.531098 0.009240 0.019950
1 0.823826 0.557502 0.018484 0.011735
1 0.760786 0.651970 0.007260 0.017603
1 0.730422 0.654317 0.013865 0.015256
