1 0.620518 0.477116 0.013203 0.017603
1 0.612266 0.491199 0.007260 0.022297
1 0.636688 0.500000 0.013865 0.021124
1 0.575958 0.403185 0.007260 0.022296
1 0.545924 0.386169 0.009245 0.018776
1 0.554174 0.409053 0.015182 0.017603
1 0.445260 0.450126 0.016502 0.019950
1 0.412915 0.431350 0.008581 0.019949
0 0.425787 0.596228 0.009242 0.018776
0 0.398062 0.590360 0.006601 0.018776
0 0.179240 0.438977 0.027064 0.021123
0 0.857492 0.243001 0.019807 0.016429
0 0.404004 0.796312 0.010561 0.029338
0 0.497078 0.538726 0.013202 0.023470
0 0.537013 0.534619 0.013859 0.022296
1 0.481565 0.618525 0.025744 0.021123
1 0.459452 0.595054 0.010561 0.021123
