1 0.999083 0.452473 0.004625 0.012908
1 0.797753 0.443672 0.015182 0.014082
2 0.096397 0.704191 0.007921 0.018776
0 0.136663 0.686001 0.009241 0.012908
0 0.124452 0.704191 0.021783 0.014081
0 0.248220 0.592121 0.011882 0.012908
0 0.223796 0.588600 0.009242 0.012909
0 0.224786 0.469488 0.012542 0.009388
0 0.227097 0.479463 0.009242 0.010562
0 0.214225 0.474769 0.007261 0.012909
1 0.873995 0.691282 0.018479 0.016430
1 0.852211 0.680134 0.013203 0.017603
1 0.845612 0.690696 0.013203 0.017603
1 0.550875 0.605029 0.012542 0.017603
1 0.817224 0.585666 0.010562 0.014082
1 0.810956 0.569824 0.008578 0.012908
1 0.951888 0.923639 0.022443 0.028167
1 0.974331 0.947694 0.017161 0.019944
