0 0.041939 0.717099 0.011222 0.023470
1 0.776299 0.463621 0.013203 0.014081
0 0.255811 0.559262 0.009902 0.015256
0 0.276604 0.560436 0.010562 0.015256
0 0.180890 0.689522 0.011882 0.019950
0 0.186831 0.698910 0.010561 0.022296
0 0.163397 0.707125 0.021783 0.017603
0 0.084845 0.550461 0.012542 0.014082
0 0.090786 0.560436 0.008581 0.017603
0 0.071974 0.561609 0.011882 0.015256
1 0.924161 0.597401 0.011885 0.014082
1 0.754188 0.566304 0.007260 0.015256
1 0.732734 0.569237 0.010562 0.014081
1 0.873336 0.881391 0.011880 0.023470
1 0.883896 0.912489 0.018479 0.019950
1 0.898747 0.455406 0.009901 0.030511
1 0.911292 0.457754 0.007260 0.028165
1 0.923503 0.460101 0.006599 0.035206
