0 0.062072 0.707125 0.009241 0.022297
1 0.781581 0.430763 0.011880 0.014081
1 0.989841 0.437804 0.011224 0.032858
0 0.290466 0.461861 0.009241 0.008215
0 0.294427 0.468315 0.009242 0.009388
0 0.276274 0.468315 0.013862 0.011735
0 0.337994 0.526991 0.006601 0.011735
0 0.318521 0.529925 0.009902 0.012908
0 0.110589 0.526404 0.011221 0.010562
0 0.116860 0.532858 0.009241 0.011735
0 0.098047 0.537552 0.013862 0.011734
0 0.175939 0.640821 0.015182 0.011735
0 0.189471 0.644928 0.007921 0.012908
0 0.173959 0.654317 0.011222 0.012909
1 0.940333 0.551635 0.012542 0.014082
1 0.931424 0.538139 0.007922 0.012908
2 0.621508 0.805113 0.009901 0.016429
2 0.604346 0.792791 0.015182 0.019950
2 0.600055 0.808633 0.013203 0.018776
1 0.622167 0.764040 0.011219 0.018776
1 0.654841 0.764627 0.009245 0.015256
1 0.894128 0.756412 0.019141 0.012909
1 0.875643 0.739983 0.009901 0.015256
1 0.867724 0.747611 0.008583 0.018777
