0 0.029727 0.695976 0.010562 0.025818
1 0.859805 0.423135 0.015182 0.015256
0 0.264062 0.586840 0.013202 0.014081
0 0.156796 0.656077 0.016502 0.016430
0 0.163397 0.670159 0.016503 0.018776
0 0.133363 0.670746 0.019803 0.019949
0 0.081875 0.623805 0.014522 0.017603
0 0.088806 0.633780 0.012542 0.018777
0 0.067683 0.636714 0.011222 0.017603
1 0.808312 0.543420 0.012542 0.014082
1 0.904029 0.931266 0.015182 0.029339
1 0.955187 0.531098 0.010562 0.015256
1 0.963437 0.548114 0.013865 0.018776
1 0.997104 0.424895 0.008583 0.021123
