2 0.235348 0.463621 0.023104 0.018776
0 0.430738 0.586840 0.009902 0.023470
0 0.266373 0.744677 0.017823 0.024644
0 0.231718 0.765213 0.021123 0.025818
0 0.725143 0.968231 0.020464 0.025815
0 0.665404 0.957083 0.026401 0.031685
0 0.623487 0.462448 0.024422 0.014082
0 0.630089 0.482984 0.023104 0.024644
0 0.594112 0.475356 0.019807 0.021123
1 0.599393 0.541660 0.017161 0.022297
1 0.565068 0.534619 0.025083 0.019950
1 0.560448 0.553981 0.025083 0.021124
1 0.700719 0.637888 0.028385 0.015256
1 0.705008 0.664292 0.017161 0.018776
1 0.675305 0.650796 0.013203 0.024644
1 0.694779 0.476530 0.024422 0.014082
1 0.698078 0.497653 0.016500 0.018776
1 0.672995 0.487092 0.012542 0.018776
1 0.674974 0.401425 0.013865 0.018776
