0 0.338324 0.595054 0.011221 0.037553
0 0.717552 0.639061 0.021125 0.026991
0 0.680917 0.619112 0.012542 0.029338
0 0.586849 0.515256 0.025083 0.021123
0 0.615896 0.520537 0.013198 0.029338
0 0.582891 0.536965 0.023760 0.024644
0 0.413245 0.346857 0.015842 0.022297
0 0.423146 0.363286 0.013202 0.022296
1 0.785542 0.758172 0.021125 0.028165
1 0.853201 0.790444 0.016505 0.036379
1 0.453181 0.566303 0.012542 0.022297
1 0.435028 0.590361 0.019803 0.021123
1 0.464733 0.582146 0.013202 0.028164
0 0.396742 0.362113 0.014522 0.019949
0 0.049530 0.337469 0.014522 0.019950
