0 0.495427 0.599162 0.011221 0.019949
0 0.541305 0.613244 0.015839 0.019950
0 0.265383 0.455406 0.018483 0.016430
0 0.231388 0.464794 0.020463 0.018776
0 0.337334 0.451886 0.009241 0.018776
0 0.313240 0.468315 0.012542 0.016429
1 0.688177 0.754652 0.017823 0.025817
1 0.678604 0.796311 0.026406 0.026991
0 0.552857 0.299330 0.015182 0.014081
0 0.538664 0.282900 0.009245 0.018777
0 0.531073 0.295222 0.008583 0.019950
0 0.728771 0.854400 0.010563 0.030511
1 0.414235 0.335709 0.015182 0.014082
1 0.398393 0.315172 0.009902 0.012909
1 0.389482 0.329841 0.011882 0.014082
1 0.945945 0.306957 0.009245 0.019950
1 0.982250 0.319279 0.015844 0.016429
