1 0.658802 0.262951 0.022448 0.016430
1 0.799732 0.197234 0.024422 0.018776
1 0.821846 0.235374 0.013203 0.066890
1 0.799073 0.235374 0.005938 0.055155
1 0.776299 0.230680 0.017161 0.062196
0 0.332713 0.584493 0.025084 0.025817
0 0.285846 0.595641 0.023764 0.024644
0 0.538664 0.491199 0.021120 0.022297
0 0.463412 0.645515 0.010561 0.018777
0 0.423807 0.659011 0.023764 0.024644
1 0.502358 0.486505 0.013202 0.019950
1 0.459122 0.485331 0.015182 0.022297
1 0.998753 0.624979 0.009245 0.017603
1 0.966409 0.623806 0.018484 0.022296
1 0.974000 0.601509 0.027063 0.019949
