0 0.065042 0.715339 0.012542 0.024644
1 0.858154 0.464795 0.013203 0.014082
0 0.293107 0.642581 0.011882 0.012909
0 0.313570 0.634367 0.007921 0.015256
0 0.242279 0.647275 0.017162 0.017603
0 0.269343 0.646688 0.011882 0.021123
0 0.110259 0.547527 0.009242 0.015256
0 0.118180 0.557502 0.009241 0.016430
0 0.099368 0.559262 0.011222 0.015256
1 0.878615 0.554568 0.010562 0.017603
1 0.890169 0.569824 0.009901 0.012908
1 0.873336 0.564543 0.007922 0.016429
1 0.764419 0.572171 0.011880 0.012908
1 0.785870 0.572171 0.007260 0.015256
1 0.861784 0.660184 0.011224 0.019950
1 0.873333 0.677200 0.010562 0.016430
1 0.855841 0.669572 0.009901 0.017602
1 0.939674 0.457167 0.011224 0.034031
1 0.951227 0.461861 0.006599 0.029338
1 0.964099 0.463621 0.008583 0.035206
