1 0.846932 0.442498 0.014521 0.011735
1 0.996773 0.420788 0.010557 0.010561
1 0.997104 0.441912 0.007260 0.029338
1 0.983573 0.437804 0.010562 0.032858
0 0.297067 0.458927 0.010562 0.009388
0 0.300698 0.466555 0.009902 0.012908
0 0.282875 0.465969 0.012542 0.011735
0 0.484206 0.576865 0.011222 0.012909
0 0.183200 0.666638 0.009902 0.014082
0 0.168678 0.661358 0.013863 0.012908
0 0.164057 0.673680 0.012542 0.011735
1 0.914919 0.533445 0.007922 0.012908
1 0.926471 0.547527 0.011224 0.012908
1 0.908651 0.542833 0.007260 0.015256
1 0.834388 0.803352 0.009245 0.017603
1 0.841979 0.816261 0.007260 0.022296
