0 0.510279 0.679547 0.011882 0.021123
0 0.456811 0.680721 0.017162 0.028164
0 0.436679 0.473009 0.015182 0.018776
0 0.435689 0.500000 0.019803 0.023470
0 0.391462 0.505281 0.018483 0.024644
0 0.486846 0.494719 0.008581 0.019950
0 0.509289 0.507041 0.016503 0.021123
0 0.729102 0.423722 0.016505 0.016429
0 0.710948 0.406119 0.010562 0.016429
0 0.701049 0.423135 0.013203 0.019950
1 0.389482 0.390864 0.007921 0.023470
1 0.426777 0.399078 0.012542 0.016429
1 0.591471 0.454819 0.007922 0.015256
1 0.575299 0.478290 0.015182 0.015256
