1 0.958815 0.366806 0.015182 0.012909
1 0.987531 0.835037 0.017167 0.019950
1 0.984232 0.864375 0.017161 0.019950
0 0.374629 0.387930 0.007261 0.010561
0 0.262412 0.490612 0.009902 0.011735
0 0.253831 0.504107 0.012542 0.015256
0 0.053161 0.536379 0.016503 0.016430
0 0.060752 0.546354 0.014522 0.019950
0 0.032698 0.548700 0.019143 0.012908
0 0.181220 0.553395 0.012542 0.017603
0 0.152505 0.551634 0.011882 0.016430
1 0.837359 0.503521 0.011219 0.014082
1 0.819208 0.498826 0.010562 0.014082
1 0.941984 0.583906 0.013198 0.015256
