1 0.525132 0.345097 0.024423 0.016429
1 0.541966 0.392624 0.007922 0.048114
1 0.505659 0.390277 0.011882 0.050461
1 0.523811 0.396144 0.011221 0.034031
1 0.573648 0.447779 0.006599 0.031685
0 0.517540 0.515256 0.013201 0.028165
2 0.365718 0.419614 0.027724 0.022297
1 0.519190 0.476530 0.008579 0.018776
1 0.557807 0.488265 0.015844 0.018776
2 0.079565 0.944764 0.033665 0.023472
2 0.077914 0.974097 0.022443 0.028157
1 0.448890 0.455994 0.011882 0.019950
1 0.423807 0.458340 0.015842 0.019949
0 0.673984 0.476530 0.010562 0.018776
0 0.647909 0.474183 0.015182 0.016429
2 0.105309 0.952972 0.013862 0.025815
