1 0.814255 0.731768 0.017823 0.029338
1 0.769370 0.726488 0.028385 0.025818
1 0.755839 0.690695 0.014521 0.019950
1 0.743294 0.641408 0.017161 0.019949
1 0.506979 0.624392 0.010561 0.018777
1 0.471664 0.602095 0.013862 0.018776
1 0.347565 0.394971 0.009901 0.019949
1 0.383211 0.400252 0.013862 0.018776
0 0.140294 0.841492 0.017823 0.028165
0 0.101018 0.854400 0.029044 0.023470
0 0.077584 0.484744 0.029704 0.021123
2 0.644609 0.233026 0.007260 0.017603
0 0.623484 0.234200 0.017823 0.015256
0 0.485196 0.562196 0.017162 0.021123
0 0.524143 0.558675 0.013204 0.018777
