1 0.797094 0.454820 0.011219 0.008214
1 0.987203 0.451299 0.012542 0.034031
0 0.348885 0.714166 0.008581 0.015256
0 0.319511 0.720033 0.011882 0.015256
0 0.158117 0.684828 0.008581 0.012909
0 0.165047 0.695390 0.006601 0.015256
0 0.140294 0.703017 0.016503 0.014082
0 0.313240 0.978204 0.009902 0.022296
0 0.279245 0.995222 0.006601 0.011741
1 0.825148 0.692456 0.007922 0.018776
1 0.798411 0.688349 0.017823 0.017603
0 0.263402 0.484744 0.007921 0.009388
1 0.617875 0.578038 0.010562 0.015256
1 0.832409 0.589187 0.007922 0.014082
1 0.822177 0.575105 0.008583 0.009389
1 0.815904 0.586253 0.007922 0.012908
