0 0.316540 0.319279 0.029705 0.016429
0 0.467043 0.300503 0.024424 0.014082
0 0.461102 0.318106 0.016503 0.021123
0 0.485856 0.319280 0.010562 0.018776
1 0.420506 0.328668 0.011882 0.018776
1 0.376609 0.336882 0.015182 0.021123
0 0.381560 0.436044 0.009241 0.059849
0 0.341954 0.374434 0.011882 0.065717
0 0.319841 0.369154 0.016503 0.057502
0 0.294757 0.369154 0.008581 0.057502
0 0.318191 0.421375 0.023764 0.025818
0 0.250201 0.434283 0.009242 0.061022
2 0.634708 0.438391 0.025740 0.022296
0 0.140954 0.508214 0.032345 0.021123
0 0.146565 0.534032 0.021123 0.025818
0 0.113890 0.525817 0.015182 0.025818
2 0.489157 0.474183 0.013202 0.021123
0 0.449221 0.494132 0.029705 0.025817
0 0.555167 0.715339 0.011885 0.026991
1 0.533052 0.747024 0.017823 0.026991
1 0.392122 0.599162 0.030365 0.029338
1 0.346905 0.572758 0.015182 0.025818
