1 0.847591 0.465381 0.014526 0.012909
1 0.927461 0.444845 0.013203 0.011735
1 0.913932 0.458927 0.012542 0.032858
1 0.925482 0.463621 0.007922 0.030511
1 0.937034 0.464208 0.007266 0.036379
0 0.311590 0.579799 0.013202 0.014082
0 0.290136 0.584493 0.011222 0.014082
0 0.437339 0.525817 0.008581 0.014082
0 0.432388 0.536379 0.010561 0.014081
1 0.811615 0.636127 0.011219 0.014082
1 0.833729 0.634367 0.009240 0.015256
1 0.764089 0.653730 0.008583 0.016429
1 0.760456 0.662531 0.007922 0.017603
1 0.775638 0.666052 0.011880 0.012909
1 0.869703 0.556915 0.008583 0.012908
1 0.863435 0.564543 0.007922 0.011734
1 0.878945 0.571584 0.012547 0.014081
0 0.483215 0.766387 0.018483 0.014082
