1 0.402683 0.666052 0.019803 0.022296
1 0.373639 0.664878 0.019803 0.022297
1 0.373969 0.582732 0.011221 0.026991
1 0.337993 0.599749 0.025084 0.021123
0 0.432388 0.478290 0.011882 0.012908
0 0.427437 0.499413 0.020463 0.019950
0 0.390142 0.502347 0.013202 0.021123
0 0.306309 0.566303 0.017163 0.019949
0 0.081545 0.402599 0.024423 0.016429
0 0.088146 0.421962 0.024424 0.017603
0 0.061412 0.413160 0.014522 0.023470
0 0.516220 0.423135 0.015841 0.019950
0 0.194422 0.647863 0.027064 0.025818
0 0.159767 0.637300 0.022443 0.021123
0 0.149535 0.659598 0.023104 0.025818
