1 0.901388 0.465381 0.015182 0.015256
1 0.963437 0.436044 0.012542 0.012908
1 0.973669 0.455993 0.009245 0.036379
1 0.961789 0.453646 0.006599 0.031685
1 0.949578 0.451299 0.012542 0.034031
0 0.202673 0.660771 0.011882 0.018777
0 0.208614 0.667812 0.011882 0.021123
0 0.186171 0.674266 0.017162 0.017603
0 0.365388 0.671332 0.011221 0.016430
0 0.340964 0.676613 0.009902 0.017603
0 0.475295 0.483571 0.007921 0.014082
0 0.468363 0.490025 0.011221 0.010561
0 0.135673 0.534619 0.011221 0.015256
0 0.141614 0.539900 0.009902 0.016429
0 0.124782 0.545180 0.011882 0.012908
1 0.795115 0.557502 0.007260 0.014082
1 0.775641 0.558675 0.010562 0.014082
1 0.887198 0.542246 0.010562 0.016430
1 0.897430 0.556915 0.009901 0.015256
1 0.882247 0.549288 0.009901 0.014082
1 0.908320 0.566890 0.011880 0.011735
1 0.903367 0.575105 0.009901 0.014081
1 0.920531 0.580386 0.011219 0.012908
