0 0.325452 0.541660 0.022443 0.019949
0 0.173959 0.505868 0.011222 0.014081
1 0.632398 0.650209 0.018484 0.018776
1 0.607643 0.633780 0.011224 0.021123
1 0.598734 0.644929 0.009240 0.022296
0 0.705669 0.309891 0.013203 0.009388
0 0.692469 0.317519 0.009240 0.017603
0 0.707979 0.322800 0.012542 0.011735
1 0.502028 0.558675 0.013862 0.016429
1 0.467043 0.546941 0.009902 0.023470
1 0.397403 0.583906 0.009242 0.019949
1 0.378260 0.571584 0.015842 0.014081
1 0.374629 0.591534 0.012542 0.016429
0 0.372319 0.540486 0.009242 0.015256
