0 0.057121 0.701844 0.009902 0.025818
1 0.801385 0.450713 0.014521 0.016429
0 0.267693 0.570998 0.009902 0.017603
0 0.245580 0.573344 0.011882 0.017602
0 0.169338 0.672506 0.013862 0.021123
0 0.174289 0.683068 0.013202 0.023470
0 0.150525 0.687175 0.018483 0.015256
0 0.309609 0.930092 0.010561 0.022297
0 0.341294 0.909555 0.011882 0.023469
0 0.331063 0.934198 0.016503 0.021122
0 0.199373 0.590360 0.007921 0.016430
0 0.193762 0.604442 0.011222 0.014082
1 0.920203 0.565717 0.010562 0.011735
1 0.916573 0.551048 0.007260 0.012908
1 0.740326 0.555155 0.011224 0.016429
1 0.760786 0.555742 0.008583 0.015256
1 0.595763 0.854987 0.019141 0.017603
1 0.621177 0.854987 0.011885 0.024644
1 0.592794 0.875524 0.022443 0.021123
1 0.923833 0.577452 0.013865 0.016430
1 0.938026 0.592120 0.010563 0.015256
1 0.919542 0.589187 0.010562 0.018776
1 0.907990 0.444258 0.009906 0.031685
1 0.919542 0.445432 0.006604 0.029338
1 0.930432 0.448952 0.005938 0.034032
