1 0.419516 0.279967 0.025744 0.017603
1 0.718872 0.196647 0.022443 0.015256
1 0.696758 0.228332 0.017818 0.066891
1 0.718211 0.234200 0.006599 0.052807
1 0.739667 0.234200 0.012542 0.062196
0 0.301028 0.609723 0.017162 0.022296
0 0.257461 0.627913 0.026404 0.021123
0 0.550547 0.609137 0.015844 0.025818
0 0.503679 0.600922 0.013202 0.023470
0 0.438989 0.301090 0.014522 0.017603
0 0.427107 0.313412 0.017162 0.018776
1 0.392452 0.502347 0.019143 0.023470
1 0.356807 0.488851 0.007261 0.024644
1 0.486516 0.584493 0.017162 0.018776
1 0.480905 0.607376 0.013862 0.022297
1 0.590813 0.419614 0.014521 0.017603
1 0.610945 0.441911 0.016505 0.022296
1 0.580581 0.437217 0.011224 0.017603
0 0.040289 0.524644 0.023763 0.016430
