0 0.055471 0.721794 0.009241 0.025817
1 0.823828 0.469489 0.015844 0.011735
0 0.310930 0.641408 0.009242 0.019949
0 0.290467 0.649036 0.013202 0.014082
0 0.188811 0.671919 0.011882 0.019950
0 0.163727 0.687762 0.017163 0.016429
0 0.102998 0.553981 0.009241 0.016430
0 0.091116 0.566890 0.013202 0.011735
0 0.109599 0.563369 0.007921 0.016430
0 0.089466 0.677200 0.009901 0.014081
0 0.105969 0.678374 0.012542 0.014082
1 0.870365 0.559849 0.011219 0.016430
1 0.881255 0.573344 0.010563 0.017602
1 0.778609 0.574518 0.007260 0.017603
1 0.757159 0.578038 0.013203 0.015256
1 0.930763 0.461274 0.010557 0.030511
1 0.941984 0.464795 0.005281 0.025818
1 0.954195 0.468902 0.009901 0.034031
