1 0.996115 0.370327 0.010562 0.029338
1 0.946276 0.381475 0.012542 0.011734
1 0.823167 0.489438 0.010562 0.011734
1 0.883565 0.597401 0.015182 0.014082
1 0.862443 0.586253 0.012542 0.015256
1 0.856172 0.598575 0.013198 0.014081
1 0.640979 0.388516 0.010562 0.009388
1 0.638669 0.397905 0.008578 0.011735
1 0.974990 0.866722 0.013198 0.012908
0 0.204984 0.568063 0.012542 0.014082
0 0.209934 0.578625 0.009242 0.016430
0 0.190791 0.580385 0.011882 0.015256
0 0.202343 0.527578 0.011222 0.015256
0 0.176929 0.533445 0.013202 0.015256
0 0.006954 0.778709 0.011222 0.019949
0 0.016195 0.785163 0.008581 0.025817
0 0.009264 0.608550 0.023764 0.017603
