2 0.403014 0.379129 0.024424 0.018776
1 0.561438 0.384996 0.023104 0.016429
1 0.562427 0.302850 0.023760 0.016429
1 0.612596 0.375021 0.007922 0.041073
1 0.579589 0.348617 0.009240 0.049288
1 0.562096 0.345097 0.013859 0.058675
1 0.543945 0.350377 0.009245 0.052808
1 0.510940 0.372088 0.006601 0.046940
0 0.642628 0.487091 0.020464 0.021123
0 0.602365 0.478290 0.019146 0.019950
0 0.504669 0.377368 0.009902 0.017603
0 0.688836 0.420201 0.015182 0.018777
0 0.664083 0.419615 0.010562 0.019950
2 0.120161 0.892539 0.034325 0.022297
2 0.118841 0.924809 0.023764 0.028160
1 0.380900 0.610897 0.011882 0.022297
