0 0.057451 0.461861 0.021123 0.071584
0 0.027417 0.461274 0.008581 0.053981
0 0.003653 0.455994 0.008581 0.057502
0 0.497408 0.493545 0.012542 0.015256
0 0.462422 0.492372 0.011222 0.017602
0 0.236008 0.471249 0.013862 0.010561
0 0.213235 0.467728 0.007921 0.017603
1 0.796763 0.669572 0.013203 0.017602
1 0.756828 0.668399 0.017823 0.022297
1 0.743953 0.639061 0.014521 0.017603
0 0.789833 0.298156 0.008583 0.018776
0 0.771349 0.294636 0.011219 0.011734
1 0.342944 0.573931 0.012542 0.016429
1 0.299708 0.579212 0.013202 0.015256
1 0.422486 0.522297 0.011882 0.014082
1 0.403343 0.508801 0.014522 0.015256
1 0.397403 0.526991 0.013202 0.016430
