1 0.903370 0.738809 0.011219 0.019950
1 0.874656 0.744090 0.021125 0.021123
1 0.842638 0.697737 0.015182 0.022297
1 0.822505 0.722967 0.019802 0.021123
1 0.369018 0.387930 0.010561 0.017603
1 0.333043 0.392037 0.013862 0.016430
0 0.403343 0.525231 0.014522 0.019950
0 0.383541 0.510562 0.017162 0.018777
0 0.376940 0.530511 0.014522 0.018776
0 0.108939 0.731769 0.018483 0.026991
0 0.069993 0.704191 0.018483 0.016430
0 0.073294 0.734702 0.019803 0.021123
0 0.610945 0.243588 0.011224 0.012909
0 0.593122 0.253562 0.019141 0.014082
0 0.616557 0.254150 0.010562 0.015256
