0 0.096397 0.422548 0.026404 0.016430
0 0.155806 0.502934 0.009242 0.066890
0 0.119171 0.464208 0.011221 0.050460
0 0.100688 0.459514 0.016503 0.057502
0 0.077914 0.464208 0.007921 0.050460
0 0.039629 0.514669 0.013202 0.062195
0 0.101018 0.506454 0.022443 0.019949
2 0.359777 0.492959 0.022443 0.018776
0 0.379580 0.328081 0.017163 0.012908
0 0.374629 0.341576 0.016502 0.014082
0 0.801055 0.440738 0.011224 0.015256
0 0.836370 0.451886 0.014521 0.016430
0 0.365718 0.758759 0.010561 0.019950
0 0.392452 0.776362 0.019143 0.019949
2 0.289806 0.725901 0.023764 0.019950
2 0.283865 0.748784 0.015842 0.025817
1 0.771677 0.448366 0.010562 0.016430
