1 0.988852 0.436044 0.011880 0.036379
1 0.850560 0.443671 0.015182 0.011735
0 0.208944 0.619112 0.012542 0.012908
0 0.186171 0.616177 0.007921 0.014082
0 0.154486 0.662531 0.014522 0.015256
0 0.161087 0.676613 0.011882 0.015256
0 0.140624 0.675440 0.011882 0.015256
0 0.100358 0.613831 0.009242 0.014081
0 0.091776 0.627913 0.011882 0.014082
1 0.895776 0.671919 0.014521 0.017603
1 0.873336 0.662531 0.013203 0.017603
1 0.867724 0.671919 0.013865 0.017603
1 0.798414 0.721206 0.011224 0.015256
1 0.767057 0.714752 0.009240 0.016429
1 0.730422 0.548700 0.007260 0.012908
1 0.716229 0.561023 0.010562 0.014082
1 0.942315 0.938306 0.009901 0.024648
1 0.955518 0.969991 0.019141 0.022296
