1 0.602693 0.507041 0.010562 0.011735
1 0.604344 0.534032 0.012542 0.021123
1 0.632068 0.536966 0.012542 0.019950
1 0.530745 0.501174 0.010563 0.018777
1 0.548565 0.526991 0.010557 0.018776
1 0.401363 0.471249 0.014522 0.022296
1 0.363077 0.458927 0.011882 0.018776
0 0.541635 0.661944 0.017823 0.023470
0 0.157457 0.443671 0.027064 0.018776
0 0.859143 0.246522 0.019141 0.016429
0 0.542953 0.765213 0.012542 0.028164
0 0.524803 0.794551 0.022446 0.021123
0 0.513910 0.521123 0.012542 0.018776
0 0.471994 0.515843 0.015842 0.022296
1 0.553185 0.575692 0.013203 0.026991
1 0.562758 0.589774 0.008578 0.029338
1 0.527112 0.593294 0.024422 0.015256
