0 0.067353 0.622045 0.011882 0.016429
0 0.059101 0.648449 0.023103 0.026991
0 0.336013 0.613244 0.011882 0.019950
0 0.306969 0.617938 0.014522 0.015256
1 0.966409 0.360352 0.015839 0.016429
1 0.795443 0.555742 0.010563 0.015256
1 0.821846 0.550461 0.007922 0.016430
1 0.678604 0.394971 0.009240 0.010562
1 0.682896 0.404946 0.007260 0.016429
1 0.667714 0.403772 0.008583 0.014081
1 0.632729 0.789270 0.019146 0.022296
1 0.659792 0.796898 0.013865 0.018776
0 0.330403 0.465381 0.015182 0.010561
0 0.330403 0.478877 0.012542 0.014081
0 0.237659 0.382649 0.009241 0.011735
0 0.233038 0.374434 0.010562 0.014081
0 0.222806 0.382649 0.011222 0.016430
1 0.774318 0.694216 0.015844 0.019950
1 0.800724 0.704191 0.015844 0.016430
1 0.771021 0.713579 0.010562 0.016430
