1 0.848581 0.460688 0.011224 0.010562
0 0.071314 0.691869 0.019803 0.017603
1 0.986542 0.437217 0.012542 0.012908
1 0.997432 0.458340 0.006604 0.036379
1 0.984891 0.459514 0.006604 0.029337
1 0.971690 0.455406 0.011880 0.037552
0 0.303668 0.592120 0.013202 0.008215
0 0.304989 0.605616 0.010561 0.011735
0 0.293107 0.598575 0.005281 0.014081
1 0.737023 0.820955 0.015182 0.017603
1 0.710951 0.810394 0.017161 0.017602
1 0.705669 0.823889 0.015839 0.018776
0 0.198383 0.660771 0.008581 0.011735
0 0.191452 0.677200 0.010561 0.011735
0 0.175279 0.674853 0.004621 0.014082
1 0.946273 0.923053 0.009901 0.012913
1 0.913932 0.893126 0.007260 0.021123
2 0.237989 0.825063 0.016502 0.021123
1 0.831089 0.649036 0.009240 0.014082
1 0.806333 0.639648 0.008583 0.016429
