1 0.507309 0.292875 0.024423 0.019949
1 0.738013 0.219531 0.022443 0.016429
1 0.758807 0.257670 0.013865 0.066890
1 0.736034 0.256497 0.007922 0.052808
1 0.714581 0.253563 0.016505 0.061022
0 0.407304 0.651970 0.015843 0.017603
0 0.400043 0.680134 0.026404 0.029338
0 0.353176 0.681894 0.014522 0.025818
0 0.657810 0.627326 0.009901 0.022296
0 0.614245 0.629086 0.017823 0.023470
0 0.506979 0.432523 0.014522 0.024644
0 0.483216 0.430176 0.017162 0.019950
0 0.478925 0.403185 0.015182 0.019950
1 0.409615 0.525817 0.015182 0.018777
1 0.367368 0.519950 0.012542 0.023470
1 0.555826 0.649036 0.018484 0.023470
1 0.583221 0.640235 0.011224 0.024644
1 0.608305 0.444258 0.013859 0.019950
1 0.597083 0.459514 0.012542 0.017602
1 0.627776 0.465381 0.015844 0.019950
