1 0.762768 0.732942 0.029703 0.024644
1 0.790161 0.711819 0.014521 0.026991
1 0.791482 0.650209 0.013203 0.025817
1 0.488827 0.650210 0.012542 0.021123
1 0.459122 0.642581 0.012542 0.022296
1 0.388161 0.396731 0.013202 0.018777
1 0.351856 0.394384 0.010561 0.018776
0 0.314230 0.828583 0.017162 0.032858
0 0.157786 0.495306 0.019803 0.023469
2 0.646260 0.228919 0.009240 0.016429
0 0.625138 0.229506 0.018484 0.015256
0 0.581901 0.612070 0.012542 0.024644
0 0.539323 0.609137 0.015844 0.025818
