0 0.137323 0.643755 0.009242 0.022297
1 0.882576 0.418441 0.014526 0.010562
0 0.337994 0.424895 0.010561 0.009389
0 0.341294 0.433697 0.010561 0.012908
0 0.323801 0.429589 0.009902 0.014082
0 0.247230 0.621458 0.008582 0.012909
0 0.241619 0.609137 0.011882 0.014082
0 0.228747 0.620872 0.011221 0.014082
1 0.388161 0.703018 0.009241 0.011735
1 0.359447 0.714753 0.012542 0.011735
1 0.857492 0.759346 0.011880 0.016429
1 0.833398 0.738810 0.009901 0.017603
1 0.826138 0.747611 0.009901 0.021123
