0 0.068673 0.728248 0.009242 0.022297
1 0.782901 0.431936 0.011885 0.011735
1 0.988852 0.439564 0.011880 0.034032
0 0.290466 0.461861 0.011882 0.010561
0 0.293767 0.468315 0.009241 0.011735
0 0.276274 0.467728 0.012542 0.012908
0 0.321491 0.554568 0.006601 0.010562
0 0.301028 0.559262 0.010561 0.012908
0 0.109599 0.525231 0.010562 0.012909
0 0.116200 0.535205 0.009241 0.014082
0 0.098047 0.539312 0.013862 0.012908
0 0.172639 0.668399 0.015182 0.012908
0 0.176929 0.682481 0.011882 0.012908
0 0.158116 0.676613 0.009902 0.015256
1 0.940005 0.552808 0.011885 0.014082
1 0.930432 0.536965 0.008583 0.012908
2 0.606323 0.785163 0.012542 0.016430
2 0.587182 0.775775 0.007260 0.018776
1 0.653852 0.770494 0.011224 0.010562
1 0.625797 0.751718 0.007917 0.015256
1 0.879276 0.746437 0.011885 0.018776
1 0.872344 0.756412 0.011219 0.012909
1 0.903039 0.759346 0.018484 0.009388
