1 0.873336 0.475943 0.013203 0.012908
0 0.004643 0.719446 0.013202 0.016430
1 0.985221 0.452473 0.015182 0.010562
1 0.997435 0.474183 0.007922 0.037553
1 0.984232 0.474182 0.006599 0.030511
1 0.971359 0.470075 0.012542 0.036379
0 0.307629 0.613831 0.010561 0.014081
0 0.283205 0.615004 0.007921 0.011735
0 0.153166 0.723554 0.010561 0.017602
0 0.134353 0.718860 0.008581 0.015256
1 0.904359 0.564543 0.009240 0.011734
1 0.916240 0.579799 0.010562 0.014082
1 0.898089 0.573931 0.008583 0.011735
