1 0.866404 0.402599 0.016505 0.014082
1 0.672005 0.436044 0.010563 0.010561
1 0.683227 0.447779 0.011880 0.012909
1 0.667055 0.444845 0.009901 0.011735
0 0.407964 0.447192 0.010561 0.011735
0 0.393112 0.442498 0.007261 0.011735
0 0.334033 0.490612 0.009241 0.011735
0 0.344925 0.502347 0.011221 0.011735
0 0.329742 0.501174 0.005941 0.014082
0 0.435689 0.546354 0.013202 0.017602
0 0.184521 0.431350 0.016503 0.015256
0 0.167688 0.424309 0.011882 0.012908
0 0.161087 0.434870 0.013202 0.015256
