1 0.872016 0.454820 0.014521 0.012908
1 0.974659 0.431936 0.016505 0.011735
1 0.959477 0.448952 0.013859 0.034032
1 0.972352 0.451886 0.007922 0.030511
1 0.984893 0.453060 0.007922 0.039899
0 0.292777 0.477703 0.012542 0.014082
0 0.289146 0.469488 0.010561 0.009388
0 0.274954 0.476530 0.013862 0.011735
0 0.309609 0.554569 0.007921 0.015256
0 0.289146 0.562783 0.010561 0.012908
0 0.042929 0.539312 0.015842 0.017603
0 0.024776 0.542833 0.008581 0.017603
0 0.165047 0.688935 0.013202 0.016430
1 0.763427 0.555742 0.008583 0.015256
1 0.785539 0.559262 0.007922 0.012908
1 0.995784 0.763453 0.011224 0.017603
1 0.981591 0.741156 0.009245 0.019950
