0 0.055801 0.458927 0.019143 0.072757
0 0.026097 0.460688 0.008581 0.059849
0 0.019166 0.463621 0.005281 0.051634
0 0.002993 0.450713 0.007261 0.049288
0 0.623156 0.524057 0.013198 0.017603
0 0.588500 0.516429 0.008583 0.016429
0 0.332383 0.592707 0.020464 0.018776
0 0.291127 0.595055 0.010561 0.018776
0 0.819536 0.384409 0.008583 0.017602
0 0.804682 0.375608 0.015844 0.011734
0 0.802703 0.392037 0.011885 0.016430
0 0.918880 0.414920 0.010563 0.015256
0 0.911289 0.429589 0.013859 0.011734
0 0.887198 0.426069 0.009240 0.021123
1 0.344925 0.598575 0.007261 0.016430
1 0.375949 0.612070 0.017823 0.017603
1 0.435028 0.590360 0.011882 0.014081
1 0.428427 0.568650 0.015842 0.010562
