0 0.156466 0.511148 0.030365 0.019950
0 0.287496 0.570998 0.013862 0.017603
0 0.264062 0.595055 0.029045 0.023470
2 0.300368 0.583906 0.007921 0.019949
0 0.538336 0.497066 0.025745 0.012908
0 0.557146 0.508214 0.006604 0.021123
0 0.535034 0.514669 0.013859 0.015256
0 0.683885 0.463621 0.009240 0.018776
0 0.648901 0.475943 0.017167 0.019949
0 0.894128 0.319279 0.015182 0.016429
0 0.873664 0.309892 0.021786 0.011735
0 0.869706 0.327494 0.015182 0.018777
1 0.955516 0.363873 0.017823 0.018777
1 0.917562 0.824475 0.026406 0.029338
1 0.975979 0.833277 0.019146 0.028165
1 0.562755 0.547527 0.012542 0.017603
1 0.552857 0.576865 0.016505 0.022296
1 0.523811 0.568650 0.009899 0.022297
1 0.481565 0.576865 0.011221 0.019950
1 0.493777 0.595054 0.011882 0.021123
1 0.461102 0.597988 0.015182 0.015256
