0 0.303338 0.397905 0.033665 0.023470
0 0.301358 0.507628 0.032345 0.031685
0 0.227757 0.514669 0.011882 0.085666
0 0.278585 0.451886 0.013202 0.058676
0 0.304329 0.447779 0.021123 0.073931
0 0.327762 0.456580 0.012542 0.065716
0 0.371659 0.515843 0.011882 0.092707
1 0.337003 0.710645 0.036306 0.034031
2 0.295417 0.676027 0.016502 0.030511
2 0.795443 0.691282 0.026406 0.028164
1 0.842641 0.720620 0.021781 0.025818
1 0.541633 0.402599 0.024422 0.021123
1 0.536685 0.423135 0.017161 0.019950
