0 0.441629 0.506454 0.027724 0.022297
0 0.417536 0.559262 0.013862 0.019950
0 0.393772 0.545767 0.025744 0.018776
0 0.387831 0.570411 0.016503 0.023469
0 0.218846 0.798658 0.025744 0.024644
0 0.221816 0.829756 0.025083 0.028165
0 0.362417 0.761106 0.022443 0.029338
0 0.669034 0.462448 0.020464 0.016429
0 0.672003 0.480637 0.011880 0.017602
0 0.639328 0.474769 0.023104 0.022296
1 0.621505 0.539312 0.017823 0.022297
1 0.585531 0.533445 0.026406 0.019949
1 0.580909 0.553395 0.023766 0.022297
1 0.735703 0.677200 0.017823 0.014081
1 0.743294 0.706538 0.015839 0.018776
1 0.706990 0.705364 0.019802 0.023469
1 0.711940 0.494133 0.013859 0.021123
1 0.680914 0.493546 0.009901 0.017603
1 0.666724 0.362699 0.011885 0.018776
1 0.629427 0.369740 0.013865 0.018777
