0 0.051180 0.718273 0.011222 0.023470
1 0.817888 0.461861 0.013203 0.015256
0 0.295087 0.656077 0.011882 0.018776
0 0.319511 0.653730 0.010561 0.016429
0 0.164717 0.679547 0.009902 0.016430
0 0.151185 0.696563 0.019803 0.017602
2 0.172639 0.686001 0.011222 0.022297
0 0.095077 0.550461 0.009242 0.016430
0 0.085505 0.562782 0.011221 0.015256
0 0.123131 0.643168 0.016502 0.016429
0 0.120491 0.655490 0.012542 0.012908
1 0.867393 0.566890 0.013203 0.014082
1 0.760786 0.567477 0.008583 0.017602
1 0.740656 0.568063 0.010562 0.016429
1 0.908320 0.454820 0.011880 0.034032
1 0.919870 0.458340 0.007260 0.034032
1 0.932083 0.460688 0.009240 0.034032
