1 0.944956 0.434870 0.015182 0.012908
0 0.292117 0.577451 0.015182 0.014082
0 0.277925 0.566890 0.007921 0.011735
0 0.272644 0.578038 0.007921 0.015256
0 0.333043 0.553395 0.012542 0.012908
0 0.087156 0.511149 0.010561 0.012908
0 0.076264 0.522297 0.013862 0.016429
2 0.602034 0.826236 0.018484 0.016430
2 0.619195 0.836211 0.009245 0.017603
2 0.598073 0.843838 0.013198 0.016429
1 0.474634 0.799245 0.007921 0.018776
1 0.442950 0.811567 0.011882 0.019949
1 0.836370 0.559262 0.014521 0.010562
1 0.838349 0.572757 0.015844 0.011735
1 0.817557 0.558675 0.008583 0.014082
