2 0.196402 0.424895 0.024423 0.018776
1 0.480245 0.328668 0.023104 0.016430
1 0.532062 0.391450 0.006604 0.024644
1 0.498068 0.374434 0.009902 0.049287
1 0.480575 0.367980 0.009241 0.062195
1 0.461102 0.374434 0.011222 0.053981
1 0.425787 0.398491 0.006601 0.048114
1 0.478925 0.410813 0.024424 0.021123
1 0.534703 0.481811 0.019802 0.022297
0 0.754846 0.777535 0.021786 0.024644
0 0.731411 0.756999 0.009240 0.021123
0 0.627776 0.529925 0.025083 0.024644
0 0.586852 0.516429 0.018484 0.023469
