0 0.674646 0.634367 0.015844 0.026991
0 0.625135 0.624979 0.014521 0.029338
0 0.331723 0.597401 0.013862 0.023469
0 0.345585 0.616764 0.012542 0.029338
0 0.300038 0.624392 0.027064 0.025818
0 0.470014 0.563956 0.014522 0.019950
0 0.437339 0.555155 0.016503 0.016429
0 0.586852 0.431350 0.010557 0.019949
0 0.562758 0.438391 0.016505 0.017602
1 0.551534 0.373848 0.009901 0.017603
1 0.594773 0.376781 0.011880 0.018776
1 0.470674 0.448952 0.010562 0.017603
1 0.460112 0.475356 0.015842 0.014082
1 0.432388 0.465381 0.007921 0.022296
