1 0.595102 0.354485 0.025745 0.018777
1 0.593122 0.436044 0.024422 0.017603
1 0.575630 0.400251 0.009240 0.051634
1 0.594112 0.418441 0.009245 0.015256
1 0.612596 0.403185 0.007922 0.050461
2 0.432718 0.429589 0.024423 0.021123
1 0.512919 0.428416 0.017161 0.016430
2 0.146565 0.950625 0.033005 0.023472
2 0.145905 0.982898 0.023764 0.029333
0 0.460112 0.462448 0.010561 0.018777
0 0.447240 0.477703 0.016502 0.018777
0 0.683557 0.473009 0.017823 0.021124
2 0.172309 0.960606 0.011882 0.026991
