1 0.990172 0.444845 0.011885 0.037553
0 0.005964 0.757586 0.010562 0.022297
1 0.878615 0.452473 0.014521 0.012908
0 0.157456 0.674267 0.011222 0.015256
0 0.130722 0.671332 0.018483 0.014081
0 0.257791 0.630846 0.009902 0.015256
0 0.231718 0.628500 0.009242 0.012908
0 0.253501 0.477117 0.010561 0.012909
1 0.874654 0.722967 0.011880 0.016429
1 0.851549 0.717686 0.018484 0.015256
1 0.849240 0.731768 0.017823 0.017603
1 0.778279 0.714166 0.013203 0.015256
1 0.809305 0.589774 0.011880 0.012908
1 0.802044 0.573344 0.009245 0.012909
1 0.963768 0.968819 0.015839 0.019954
1 0.945945 0.939480 0.013203 0.029337
