0 0.368688 0.553395 0.024423 0.022297
0 0.018175 0.502347 0.019143 0.075105
0 0.312250 0.713579 0.010562 0.023470
0 0.265713 0.727661 0.016503 0.018776
0 0.583221 0.572171 0.009901 0.017603
0 0.556156 0.564543 0.017823 0.014082
0 0.553187 0.583906 0.019802 0.017603
0 0.195082 0.521710 0.015182 0.017603
1 0.717552 0.532272 0.019802 0.012908
1 0.717880 0.551634 0.019146 0.016430
1 0.694448 0.526404 0.006604 0.017603
0 0.741646 0.332775 0.008583 0.012908
0 0.724151 0.328668 0.009240 0.016430
1 0.814917 0.439564 0.011219 0.015256
1 0.802044 0.423722 0.009245 0.016429
1 0.793792 0.434283 0.008583 0.014081
1 0.519852 0.583906 0.011223 0.015256
1 0.493447 0.586253 0.015182 0.019950
1 0.490807 0.559262 0.012542 0.010562
1 0.643951 0.511735 0.013859 0.016430
1 0.613255 0.503520 0.007917 0.018776
