0 0.288156 0.697737 0.013862 0.022297
0 0.285516 0.673680 0.020463 0.014081
0 0.268023 0.680134 0.011882 0.022297
0 0.226437 0.856747 0.021123 0.032858
0 0.240959 0.878457 0.014522 0.026991
0 0.201353 0.884912 0.025084 0.021123
0 0.688508 0.701257 0.018484 0.022297
0 0.649232 0.685415 0.011224 0.025817
0 0.496748 0.488852 0.024423 0.015256
0 0.492127 0.502347 0.021783 0.021123
0 0.528102 0.504107 0.017161 0.019950
1 0.595102 0.740570 0.020464 0.025818
1 0.603685 0.760519 0.015182 0.021123
1 0.571669 0.765800 0.019807 0.022296
1 0.798414 0.373261 0.015182 0.018776
