1 0.925482 0.453059 0.015839 0.011735
0 0.003653 0.718860 0.008581 0.017603
0 0.119831 0.623805 0.016502 0.017603
0 0.148215 0.673680 0.009902 0.011735
0 0.140954 0.690109 0.013862 0.016429
0 0.121811 0.691282 0.007261 0.014082
1 0.783563 0.634367 0.014521 0.012908
1 0.789172 0.647863 0.013865 0.014082
1 0.763430 0.637888 0.015182 0.017603
1 0.568039 0.651383 0.013859 0.016429
1 0.831747 0.590947 0.011880 0.012908
1 0.821516 0.577451 0.008583 0.014082
1 0.814917 0.584493 0.008583 0.014082
