0 0.235018 0.444258 0.010561 0.026991
0 0.014545 0.443671 0.025084 0.084493
0 0.102338 0.662531 0.022444 0.026991
0 0.145905 0.636714 0.017162 0.031685
0 0.398723 0.617938 0.019803 0.029338
0 0.420836 0.640821 0.021783 0.023470
0 0.387501 0.639648 0.014522 0.025818
1 0.736365 0.639061 0.019146 0.031685
1 0.766068 0.671332 0.028385 0.030511
1 0.723823 0.653730 0.012542 0.032858
1 0.579589 0.517602 0.015844 0.021123
1 0.586852 0.546354 0.017161 0.022296
1 0.612927 0.418441 0.007260 0.022297
1 0.578268 0.436630 0.018484 0.021123
1 0.628109 0.566890 0.023104 0.021123
1 0.637349 0.585080 0.013865 0.019950
1 0.604016 0.586253 0.015844 0.022296
