0 0.272974 0.531098 0.008581 0.019950
0 0.249210 0.539900 0.013862 0.016429
1 0.859802 0.394384 0.016500 0.018776
1 0.873664 0.617938 0.013859 0.017603
1 0.653521 0.424309 0.010563 0.012908
1 0.639328 0.419615 0.007260 0.015256
1 0.943305 0.881978 0.014526 0.026991
1 0.965747 0.912489 0.013203 0.019950
0 0.304989 0.519363 0.011882 0.017602
0 0.290136 0.521123 0.009901 0.018776
1 0.954857 0.647863 0.020464 0.016429
1 0.970698 0.634954 0.008583 0.023470
1 0.925154 0.638475 0.009901 0.021123
