1 0.643289 0.352725 0.020464 0.019949
1 0.776961 0.289355 0.022443 0.017603
1 0.796763 0.326320 0.013203 0.065717
1 0.775310 0.325147 0.008578 0.053981
1 0.753526 0.322213 0.017823 0.062196
0 0.301688 0.640235 0.013202 0.017603
0 0.299378 0.667225 0.024423 0.024644
0 0.254161 0.673093 0.019803 0.024644
0 0.440639 0.393797 0.011222 0.015256
0 0.432388 0.409053 0.010561 0.017603
0 0.454171 0.407293 0.015842 0.018776
1 0.470674 0.595641 0.014522 0.024644
1 0.426777 0.599162 0.012542 0.022297
2 0.384531 0.785750 0.028384 0.019950
2 0.384201 0.809806 0.017162 0.023470
