0 0.035668 0.397318 0.025084 0.083319
0 0.488496 0.664878 0.013202 0.019949
0 0.465393 0.645515 0.026404 0.016429
0 0.459782 0.667225 0.019143 0.022296
0 0.187161 0.693042 0.016502 0.024644
0 0.180890 0.731181 0.021123 0.028165
0 0.184521 0.484744 0.016503 0.023470
0 0.136333 0.500000 0.019143 0.023470
0 0.568698 0.373847 0.019146 0.015256
0 0.575961 0.392624 0.020464 0.019950
0 0.541633 0.388517 0.020464 0.018776
1 0.639990 0.526991 0.027063 0.023470
1 0.612594 0.503520 0.010562 0.016430
1 0.602365 0.516429 0.011219 0.021123
1 0.458792 0.610897 0.014522 0.019949
1 0.417206 0.632020 0.010561 0.024644
1 0.689828 0.448366 0.015844 0.018776
1 0.665732 0.439564 0.011224 0.022297
