1 0.997102 0.444258 0.009901 0.034031
1 0.779602 0.437804 0.011880 0.014082
0 0.137653 0.670746 0.013862 0.012908
0 0.145245 0.681307 0.011882 0.015256
0 0.117851 0.685414 0.019143 0.014082
0 0.263402 0.632020 0.011882 0.015256
0 0.237659 0.627326 0.009241 0.015256
0 0.037978 0.641408 0.020463 0.010562
0 0.035338 0.655490 0.013862 0.015256
0 0.052831 0.644342 0.011882 0.018776
0 0.255481 0.465969 0.007921 0.011735
0 0.244590 0.461861 0.011222 0.010561
0 0.241289 0.470075 0.009901 0.010562
1 0.890497 0.705364 0.009245 0.016429
1 0.868055 0.701844 0.017161 0.016429
1 0.865742 0.716512 0.020464 0.017603
1 0.706990 0.690109 0.011885 0.018777
1 0.813266 0.585666 0.011885 0.014082
1 0.806664 0.571584 0.009245 0.011735
1 0.975979 0.961190 0.017823 0.018769
1 0.955846 0.932439 0.017161 0.026992
