1 0.638669 0.316932 0.021786 0.016430
1 0.637018 0.398491 0.026401 0.017603
1 0.638010 0.372674 0.008583 0.029337
1 0.657151 0.364459 0.011219 0.050461
1 0.687846 0.424308 0.006599 0.026991
1 0.619526 0.362113 0.011219 0.050460
0 0.433378 0.573931 0.017823 0.023470
0 0.395752 0.567477 0.012542 0.022296
2 0.478595 0.389103 0.026404 0.019949
1 0.517541 0.437804 0.014522 0.023470
1 0.557807 0.443671 0.010563 0.018776
2 0.200033 0.896060 0.033005 0.017603
2 0.199043 0.927157 0.020464 0.025816
0 0.139304 0.654317 0.018483 0.022296
0 0.147555 0.631433 0.015182 0.018776
0 0.107619 0.656663 0.011882 0.024644
0 0.753529 0.434283 0.020464 0.018776
0 0.773990 0.445432 0.012542 0.022297
0 0.749896 0.451299 0.017167 0.022296
2 0.224786 0.907794 0.011222 0.026991
