0 0.367368 0.492372 0.021783 0.019950
0 0.070653 0.447192 0.018483 0.072758
0 0.041279 0.450713 0.007261 0.056329
0 0.014545 0.447779 0.014522 0.064543
0 0.501038 0.517016 0.007921 0.017603
0 0.466383 0.527578 0.013862 0.015256
0 0.782901 0.262951 0.007917 0.014081
0 0.790492 0.272925 0.007266 0.012908
0 0.770690 0.272926 0.009901 0.010561
0 0.848581 0.272926 0.011224 0.010561
0 0.854521 0.285247 0.007260 0.011735
0 0.835047 0.281140 0.010562 0.012908
1 0.366708 0.606789 0.019143 0.018777
1 0.534372 0.556915 0.008578 0.015256
1 0.524471 0.545180 0.009901 0.024644
1 0.509290 0.570997 0.012542 0.015256
