1 0.542294 0.284661 0.024422 0.017603
1 0.723492 0.217771 0.021120 0.017603
1 0.700388 0.250042 0.015839 0.063369
1 0.721510 0.255910 0.009240 0.051634
1 0.743294 0.252389 0.013203 0.065717
0 0.388491 0.677787 0.023104 0.024644
0 0.339644 0.681307 0.015182 0.024644
0 0.632729 0.624979 0.011219 0.022296
0 0.587841 0.626152 0.016505 0.024644
0 0.412915 0.365046 0.013862 0.018776
0 0.388161 0.361525 0.011882 0.021123
1 0.360107 0.518189 0.013862 0.019949
1 0.402683 0.521710 0.014522 0.022296
1 0.549885 0.613244 0.021125 0.019950
1 0.558466 0.633194 0.013203 0.019950
1 0.528104 0.634367 0.015845 0.024644
1 0.593784 0.441325 0.015182 0.018777
1 0.613255 0.462448 0.015844 0.018777
1 0.584211 0.457753 0.010557 0.021123
