1 0.570349 0.640234 0.015844 0.026991
1 0.560117 0.658424 0.011224 0.025817
1 0.590482 0.668985 0.015182 0.023470
1 0.783232 0.602095 0.021786 0.023470
1 0.820195 0.596815 0.009901 0.019950
0 0.320501 0.475943 0.009901 0.017603
0 0.333373 0.495306 0.018483 0.018777
0 0.115870 0.415507 0.015182 0.023470
0 0.810294 0.234787 0.019141 0.011735
0 0.832740 0.243588 0.013865 0.017602
0 0.806005 0.249456 0.019802 0.015256
0 0.519521 0.444845 0.015843 0.018777
0 0.480575 0.432523 0.011882 0.019950
