1 0.582232 0.650796 0.013203 0.022296
1 0.613586 0.659597 0.019141 0.023470
1 0.497408 0.437217 0.011222 0.017603
1 0.798083 0.602096 0.018479 0.021123
1 0.751544 0.592120 0.015182 0.026991
0 0.336343 0.497653 0.016503 0.018776
0 0.314560 0.491199 0.007261 0.019949
0 0.797755 0.234787 0.017823 0.014082
0 0.819867 0.243588 0.011880 0.015256
0 0.793792 0.247695 0.017823 0.016430
0 0.535693 0.867309 0.024427 0.025818
0 0.499718 0.863788 0.014522 0.030511
0 0.442620 0.445432 0.013862 0.022297
0 0.483216 0.450126 0.014522 0.019950
