0 0.058111 0.721794 0.010561 0.023470
1 0.804354 0.470662 0.012542 0.011735
0 0.292447 0.650209 0.011882 0.016430
0 0.313900 0.642581 0.007261 0.017602
0 0.209934 0.656663 0.018483 0.017603
0 0.104648 0.555155 0.009901 0.016429
0 0.113230 0.563956 0.008581 0.017603
0 0.094747 0.566890 0.011222 0.016429
1 0.872016 0.559262 0.010562 0.017603
1 0.867393 0.568650 0.009245 0.015256
1 0.883896 0.573344 0.010562 0.015256
0 0.117190 0.656664 0.012542 0.015256
1 0.760125 0.578625 0.012542 0.016430
1 0.780589 0.575691 0.007260 0.017603
1 0.957167 0.468902 0.009240 0.036379
1 0.944625 0.468902 0.007917 0.031685
1 0.933404 0.463034 0.010557 0.031685
