0 0.249870 0.632607 0.019143 0.021123
0 0.223796 0.626739 0.014522 0.021123
0 0.329412 0.689522 0.017162 0.019950
0 0.858482 0.504694 0.015182 0.018777
0 0.843630 0.518189 0.014521 0.019949
0 0.110920 0.653143 0.018483 0.024644
0 0.117520 0.667225 0.010561 0.019950
0 0.093757 0.671333 0.013202 0.021123
1 0.630086 0.514669 0.009901 0.015256
1 0.735706 0.340989 0.009901 0.015256
1 0.744615 0.353311 0.011885 0.016430
1 0.803365 0.500587 0.009240 0.019950
1 0.819867 0.508801 0.011880 0.015256
