1 0.940664 0.441325 0.018484 0.016429
0 0.173299 0.465968 0.012542 0.014082
0 0.178580 0.478877 0.012542 0.016430
0 0.156136 0.471836 0.015182 0.016429
0 0.134353 0.710645 0.009902 0.015256
0 0.127752 0.728835 0.015182 0.016429
0 0.042599 0.897233 0.012542 0.017602
0 0.034348 0.913663 0.011882 0.017603
0 0.166368 0.632606 0.013202 0.016430
1 0.655169 0.820955 0.009901 0.017603
1 0.625466 0.825063 0.013859 0.018777
1 0.766729 0.757585 0.011219 0.015256
1 0.776630 0.770494 0.013865 0.015256
1 0.817557 0.589187 0.012542 0.014082
1 0.804354 0.578625 0.012542 0.016430
1 0.798083 0.589773 0.009240 0.015256
1 0.831089 0.769320 0.013198 0.019950
1 0.918221 0.891952 0.011880 0.021123
1 0.957828 0.918359 0.009240 0.022301
1 0.928122 0.920702 0.022443 0.019947
