2 0.813927 0.386169 0.019802 0.016430
0 0.381890 0.443671 0.013862 0.042246
0 0.404994 0.426656 0.027064 0.022296
0 0.401693 0.458927 0.032345 0.035206
0 0.384531 0.517602 0.011222 0.051634
0 0.404664 0.495893 0.017162 0.045767
0 0.360437 0.623805 0.013202 0.029338
0 0.417866 0.551635 0.027724 0.028164
0 0.309279 0.785163 0.032345 0.030511
0 0.347235 0.708885 0.014522 0.051634
0 0.653190 0.215424 0.009901 0.019949
0 0.663424 0.234787 0.011880 0.016429
0 0.293767 0.587426 0.013202 0.024644
0 0.251191 0.625566 0.017823 0.028165
1 0.554836 0.715926 0.019141 0.039900
1 0.598404 0.761693 0.013859 0.037553
1 0.559128 0.769907 0.021120 0.030511
1 0.452191 0.213077 0.017163 0.010561
1 0.451861 0.229506 0.013862 0.017603
1 0.470014 0.836798 0.023764 0.025818
1 0.435358 0.792204 0.008581 0.032858
1 0.490807 0.766974 0.011222 0.036379
0 0.646919 0.222465 0.006599 0.015256
