0 0.164388 0.465381 0.006601 0.012909
0 0.157457 0.479463 0.016503 0.012908
0 0.355156 0.813327 0.013202 0.016429
0 0.331723 0.803352 0.008581 0.017603
0 0.357136 0.476530 0.014522 0.009388
0 0.357797 0.487678 0.011882 0.012908
0 0.342945 0.483571 0.005941 0.016429
2 0.876635 0.457167 0.015844 0.012908
1 0.810956 0.788683 0.009901 0.011735
1 0.818216 0.803353 0.007266 0.015256
1 0.799073 0.805699 0.013865 0.015256
2 0.207294 0.609723 0.007921 0.010561
2 0.204654 0.626739 0.009242 0.014082
2 0.183860 0.624392 0.007261 0.014082
1 0.818216 0.607376 0.011224 0.012908
1 0.798083 0.609723 0.010562 0.015256
