2 0.055141 0.664878 0.027064 0.029338
1 0.921852 0.910727 0.015182 0.030508
1 0.931094 0.941239 0.023104 0.032856
1 0.976310 0.946519 0.017161 0.031685
0 0.303998 0.596814 0.015182 0.024644
0 0.318851 0.621458 0.013202 0.026991
0 0.277925 0.643168 0.038286 0.025818
0 0.633391 0.561609 0.012542 0.029337
0 0.580250 0.539900 0.014521 0.025818
0 0.595102 0.572758 0.024422 0.025818
0 0.673656 0.579799 0.032344 0.025818
0 0.705339 0.603856 0.017823 0.029338
0 0.667052 0.610310 0.023104 0.030511
0 0.642630 0.703604 0.019146 0.029338
0 0.600052 0.700670 0.021125 0.030511
1 0.315550 0.591534 0.017163 0.018777
1 0.210264 0.567477 0.024423 0.031685
1 0.491797 0.425482 0.031684 0.019949
1 0.464073 0.491786 0.013202 0.070410
1 0.491797 0.511735 0.010561 0.023470
1 0.519190 0.488265 0.013860 0.075105
1 0.493777 0.545180 0.031685 0.022297
0 0.858482 0.890192 0.020464 0.024644
1 0.365388 0.588600 0.015182 0.022296
