1 0.924823 0.413747 0.015844 0.012908
2 0.665073 0.436044 0.009906 0.010561
1 0.794781 0.568650 0.015844 0.012908
1 0.778279 0.555742 0.011880 0.017603
1 0.773661 0.566303 0.010562 0.017603
2 0.819206 0.544594 0.009245 0.014081
1 0.394432 0.515256 0.012542 0.009388
1 0.914260 0.732942 0.010562 0.019950
1 0.896107 0.750544 0.015182 0.017602
1 0.715240 0.704191 0.013865 0.016430
0 0.070323 0.712406 0.012542 0.016430
0 0.057121 0.728835 0.020463 0.016429
0 0.224126 0.616177 0.013862 0.014082
0 0.201023 0.620285 0.013862 0.012908
0 0.195412 0.665465 0.009241 0.016430
0 0.187821 0.681307 0.013862 0.012909
