0 0.562758 0.427243 0.008578 0.011735
0 0.567049 0.436044 0.007922 0.010561
0 0.545266 0.433697 0.014521 0.012908
0 0.466053 0.522883 0.009241 0.012909
0 0.441629 0.542246 0.009241 0.014081
0 0.239969 0.559849 0.011222 0.011735
0 0.222146 0.557502 0.005941 0.011735
0 0.267693 0.600335 0.009902 0.012909
0 0.253831 0.614418 0.011221 0.015256
0 0.015205 0.483571 0.010562 0.014082
0 0.055141 0.620872 0.008581 0.016429
1 0.742635 0.540486 0.010562 0.012909
1 0.648242 0.751131 0.007922 0.014082
1 0.629099 0.745850 0.010562 0.012908
1 0.625469 0.732355 0.007260 0.009388
1 0.292777 0.555742 0.007261 0.012909
1 0.276274 0.558675 0.009902 0.014082
1 0.302348 0.648449 0.010561 0.015256
1 0.291787 0.635540 0.007921 0.012908
1 0.285516 0.646689 0.007261 0.014081
