1 0.433708 0.384996 0.019803 0.014082
0 0.398393 0.596815 0.021783 0.022296
0 0.370668 0.591534 0.012542 0.018777
0 0.475954 0.673093 0.010562 0.024644
0 0.365058 0.548114 0.014522 0.018776
0 0.361427 0.562783 0.012542 0.019949
2 0.750227 0.649036 0.009901 0.018776
1 0.348555 0.524644 0.013202 0.018776
1 0.514570 0.485331 0.008581 0.022297
1 0.491467 0.494132 0.016503 0.016430
1 0.495758 0.478290 0.018483 0.019950
1 0.425787 0.548114 0.010561 0.023470
1 0.406974 0.557502 0.012542 0.021123
1 0.714250 0.331014 0.006604 0.032858
1 0.729432 0.326320 0.010563 0.049287
1 0.693786 0.322213 0.014521 0.052808
