1 0.415555 0.425482 0.027064 0.024644
1 0.845943 0.289941 0.017823 0.075105
1 0.817227 0.289355 0.006599 0.059849
1 0.788510 0.287008 0.016500 0.073931
1 0.495757 0.791617 0.010561 0.036379
1 0.527771 0.819195 0.027062 0.023469
1 0.182210 0.675440 0.019803 0.022296
1 0.139964 0.670159 0.013202 0.021123
1 0.323802 0.722380 0.016502 0.017603
1 0.337664 0.738810 0.009902 0.024644
1 0.308619 0.745264 0.017823 0.023470
1 0.452521 0.672506 0.015182 0.018777
1 0.464733 0.695390 0.011882 0.026991
1 0.432388 0.697150 0.015842 0.023470
