1 0.773990 0.322800 0.012542 0.014081
1 0.771349 0.343923 0.005938 0.016430
1 0.783891 0.379128 0.008583 0.021123
1 0.777620 0.345683 0.007917 0.024644
2 0.602693 0.305197 0.010562 0.011735
1 0.920862 0.981139 0.013203 0.018778
1 0.895776 0.944759 0.010562 0.028167
1 0.286506 0.795138 0.010561 0.024644
1 0.296407 0.799832 0.006601 0.022297
1 0.277265 0.825650 0.013202 0.017603
1 0.782240 0.589774 0.010562 0.017603
0 0.438329 0.351551 0.009241 0.010561
1 0.548237 0.877870 0.009901 0.032857
1 0.559786 0.920116 0.021125 0.021120
1 0.585531 0.901341 0.009240 0.030511
1 0.765078 0.356832 0.010562 0.016429
0 0.234358 0.298156 0.007921 0.011735
0 0.219836 0.304611 0.009242 0.010562
1 0.256141 0.275860 0.006601 0.009388
0 0.149535 0.263537 0.007261 0.010562
0 0.145905 0.257083 0.010561 0.009389
0 0.138644 0.264125 0.006601 0.009388
0 0.202343 0.448952 0.009902 0.012908
