1 0.959807 0.370327 0.018479 0.015256
0 0.182210 0.640235 0.009241 0.017603
0 0.190132 0.649036 0.007921 0.021123
0 0.172309 0.655490 0.019803 0.017603
0 0.255481 0.599748 0.013202 0.018776
0 0.277595 0.588600 0.007261 0.019950
0 0.068673 0.703604 0.007921 0.017603
0 0.059432 0.717687 0.013202 0.017603
0 0.331393 0.819195 0.007921 0.018777
0 0.338654 0.828583 0.007921 0.018777
1 0.804023 0.510562 0.009245 0.018777
1 0.819536 0.525817 0.017823 0.014082
1 0.800062 0.522297 0.009240 0.018777
1 0.682565 0.508801 0.007922 0.015256
1 0.703357 0.519363 0.009901 0.015256
1 0.772341 0.667225 0.013203 0.017603
1 0.583880 0.817435 0.012542 0.017603
