1 0.850232 0.561609 0.011880 0.017602
1 0.821185 0.562196 0.011880 0.016429
0 0.025436 0.508215 0.009902 0.018776
0 0.013885 0.523470 0.015842 0.014082
0 0.267363 0.639061 0.013202 0.019950
0 0.238649 0.640235 0.012542 0.017603
0 0.217195 0.481224 0.009242 0.014082
0 0.223466 0.491786 0.005941 0.016429
0 0.206304 0.497066 0.012542 0.015256
0 0.129072 0.654317 0.009902 0.015256
0 0.122801 0.671332 0.019803 0.014081
1 0.922510 0.629673 0.017823 0.019950
1 0.898417 0.617351 0.015844 0.018776
