0 0.312580 0.583319 0.023104 0.021123
0 0.137984 0.602682 0.015842 0.066890
0 0.114880 0.592120 0.006601 0.031685
0 0.110919 0.616178 0.006601 0.035206
0 0.092436 0.596228 0.010561 0.037552
2 0.220826 0.633194 0.011222 0.024644
2 0.245910 0.641408 0.015182 0.015256
2 0.485856 0.724140 0.014522 0.021123
1 0.478925 0.691869 0.011222 0.017603
1 0.446580 0.704191 0.016503 0.018776
0 0.833727 0.421375 0.022443 0.011735
0 0.833729 0.439564 0.018479 0.017603
0 0.444270 0.473009 0.009242 0.016430
0 0.437669 0.481811 0.006601 0.019949
0 0.464733 0.482984 0.021123 0.017603
