2 0.294097 0.663705 0.013862 0.015256
2 0.270664 0.655490 0.010561 0.017603
0 0.396742 0.619112 0.022443 0.017603
0 0.195082 0.630260 0.016503 0.058675
0 0.174949 0.617351 0.006601 0.028165
0 0.170988 0.641408 0.007921 0.038726
0 0.155476 0.623219 0.008581 0.032858
0 0.193102 0.440151 0.009902 0.021123
0 0.630417 0.638474 0.014521 0.016430
0 0.638669 0.653730 0.013859 0.016429
0 0.787852 0.756412 0.019141 0.017602
0 0.820526 0.744090 0.013198 0.018777
0 0.512920 0.695976 0.013202 0.018776
0 0.515230 0.715926 0.013862 0.018776
1 0.493777 0.691282 0.014522 0.018776
1 0.501368 0.709472 0.011222 0.019949
1 0.477275 0.708885 0.010562 0.011735
