1 0.872016 0.525230 0.009240 0.017603
1 0.842310 0.510562 0.010557 0.014082
1 0.849901 0.530512 0.019146 0.014082
1 0.586193 0.826823 0.010563 0.017603
1 0.596753 0.850880 0.015839 0.016430
1 0.667714 0.508214 0.012542 0.016429
1 0.693458 0.502347 0.008583 0.014082
0 0.388821 0.386756 0.011882 0.017603
0 0.395092 0.399078 0.009902 0.014082
0 0.377930 0.395557 0.011222 0.016430
0 0.113230 0.652556 0.016502 0.016430
0 0.119831 0.666638 0.012542 0.018777
0 0.098708 0.661357 0.012542 0.015256
0 0.016855 0.692456 0.011222 0.018776
