0 0.248550 0.572758 0.015182 0.016429
0 0.211585 0.350964 0.009902 0.014082
0 0.198713 0.362113 0.014522 0.015256
0 0.215545 0.361525 0.007261 0.014082
0 0.053821 0.427829 0.011222 0.015256
0 0.031707 0.434283 0.011882 0.016430
0 0.310929 0.706538 0.007921 0.023470
0 0.096727 0.553394 0.009902 0.015256
0 0.088806 0.570411 0.019143 0.016429
1 0.865742 0.612657 0.015182 0.016429
1 0.872344 0.626739 0.012542 0.018776
1 0.842641 0.615591 0.017823 0.017602
1 0.848911 0.557502 0.011885 0.014082
1 0.820198 0.556915 0.012542 0.015256
