0 0.039629 0.549288 0.011882 0.014082
0 0.051180 0.558088 0.023104 0.017603
0 0.055471 0.633780 0.023763 0.021123
0 0.009594 0.671332 0.005941 0.014081
0 0.104648 0.648449 0.004621 0.015256
0 0.034018 0.601509 0.008581 0.043419
0 0.463412 0.473596 0.006601 0.017603
0 0.439649 0.482397 0.014522 0.016430
0 0.628768 0.835037 0.011224 0.022296
2 0.126762 0.552221 0.015842 0.015256
2 0.107289 0.573344 0.012542 0.017602
2 0.385191 0.507628 0.008581 0.017602
2 0.362417 0.515843 0.010561 0.015256
0 0.421496 0.599162 0.016503 0.017603
1 0.358127 0.373261 0.008581 0.016429
1 0.366708 0.384996 0.008581 0.018776
1 0.342284 0.387930 0.019143 0.015256
1 0.728112 0.843252 0.013203 0.019950
1 0.587182 0.447779 0.008583 0.017603
1 0.568367 0.461274 0.011880 0.014081
