1 0.473644 0.432523 0.019143 0.015256
1 0.368358 0.615591 0.015843 0.022296
1 0.347895 0.605029 0.014522 0.015256
1 0.341954 0.621458 0.013202 0.024644
1 0.691148 0.381475 0.007922 0.049288
1 0.676294 0.385583 0.004620 0.024644
1 0.672995 0.368567 0.003302 0.023470
0 0.480905 0.657250 0.016502 0.018777
0 0.619857 0.755238 0.014526 0.029338
0 0.642299 0.762280 0.019807 0.019950
0 0.645602 0.780469 0.022443 0.018777
1 0.656161 0.376195 0.010562 0.052808
1 0.873995 0.816261 0.011885 0.019950
1 0.855182 0.786924 0.013865 0.012908
1 0.849570 0.764040 0.007922 0.021123
