1 0.632398 0.213663 0.009245 0.009388
1 0.624477 0.206036 0.006599 0.017603
0 0.286836 0.798658 0.029704 0.024644
0 0.065042 0.574518 0.009902 0.017603
0 0.075934 0.579799 0.009241 0.018777
0 0.048870 0.597401 0.025084 0.016429
0 0.130062 0.556329 0.010562 0.018776
0 0.105968 0.578038 0.013862 0.017603
0 0.317861 0.460688 0.011221 0.019949
0 0.314230 0.478290 0.013202 0.019950
0 0.295417 0.478290 0.009902 0.019950
0 0.734383 0.626152 0.008578 0.019949
0 0.754849 0.644929 0.012542 0.015256
1 0.615234 0.278206 0.009240 0.011735
1 0.625469 0.284074 0.007260 0.009389
1 0.613586 0.285248 0.008578 0.009388
1 0.690156 0.245349 0.008583 0.009388
1 0.841320 0.446606 0.011224 0.015256
1 0.766727 0.345683 0.009901 0.008215
1 0.765078 0.353311 0.007917 0.007041
