0 0.030057 0.670159 0.019143 0.016429
0 0.432718 0.567477 0.012542 0.012909
0 0.194422 0.393797 0.011222 0.012909
0 0.199373 0.402599 0.010561 0.014082
0 0.181220 0.404946 0.011221 0.014082
0 0.162737 0.644928 0.008581 0.017603
0 0.169668 0.652556 0.006601 0.014081
0 0.150526 0.663118 0.013202 0.011735
0 0.246900 0.495893 0.007921 0.010561
0 0.254491 0.504107 0.005941 0.012909
0 0.236998 0.509975 0.011882 0.015256
1 0.848581 0.374434 0.017818 0.014081
1 0.554836 0.529925 0.011224 0.012908
1 0.817888 0.517016 0.013203 0.010561
1 0.823495 0.529338 0.007260 0.011735
1 0.802703 0.527578 0.010562 0.015256
1 0.907990 0.580972 0.011219 0.014081
