0 0.109929 0.608550 0.016503 0.059849
0 0.086496 0.592707 0.006601 0.032858
0 0.081875 0.619698 0.007921 0.035206
0 0.064382 0.600922 0.008581 0.042246
0 0.267033 0.570411 0.012542 0.028164
0 0.586193 0.596815 0.010563 0.022296
0 0.609956 0.616177 0.023766 0.021123
1 0.610284 0.529338 0.011224 0.023470
1 0.586852 0.526991 0.019807 0.016430
1 0.582891 0.544006 0.021125 0.022296
1 0.468364 0.383822 0.008581 0.018776
1 0.460772 0.370914 0.010562 0.016430
1 0.445590 0.387930 0.014522 0.015256
1 0.702370 0.564543 0.014521 0.016429
1 0.685536 0.548701 0.011219 0.022296
1 0.783891 0.388517 0.008583 0.016430
1 0.772669 0.409053 0.012547 0.017603
1 0.470674 0.572171 0.006601 0.019949
0 0.685536 0.700670 0.017823 0.021123
0 0.982583 0.498826 0.017823 0.018777
