0 0.009924 0.672506 0.019803 0.014082
1 0.923503 0.390277 0.017161 0.012909
0 0.196733 0.410227 0.011882 0.015256
0 0.202673 0.418441 0.009241 0.015256
0 0.182540 0.416094 0.015182 0.015256
0 0.152505 0.653143 0.011882 0.017603
0 0.181550 0.651969 0.011882 0.015256
0 0.278254 0.617351 0.009902 0.018776
0 0.262082 0.620285 0.011882 0.015256
0 0.351196 0.512322 0.009241 0.015256
0 0.341624 0.524644 0.009902 0.016430
1 0.792802 0.534032 0.007917 0.016429
1 0.799734 0.545180 0.012542 0.012908
2 0.357467 0.520537 0.005941 0.012908
