1 0.257132 0.126237 0.017822 0.012909
1 0.108609 0.149120 0.011221 0.014081
1 0.082535 0.160269 0.010562 0.010561
1 0.199043 0.331601 0.008581 0.022297
1 0.180230 0.348617 0.013202 0.014082
1 0.169998 0.333948 0.008581 0.019950
1 0.198053 0.473009 0.009242 0.035206
1 0.209604 0.494132 0.013862 0.018776
1 0.808315 0.677787 0.013859 0.026991
1 0.836698 0.693629 0.013865 0.016429
1 0.724812 0.495893 0.010562 0.022296
1 0.749234 0.508214 0.014521 0.016429
1 0.473314 0.064628 0.009242 0.042246
1 0.447900 0.058760 0.007261 0.042246
1 0.463083 0.063454 0.005941 0.032858
