1 0.490147 0.449539 0.040266 0.028165
1 0.592464 0.613244 0.008583 0.118525
1 0.525132 0.536379 0.013861 0.091533
1 0.487836 0.527578 0.019803 0.111483
1 0.453511 0.542246 0.015842 0.096228
1 0.391132 0.606203 0.008581 0.088013
1 0.491797 0.609137 0.042247 0.035205
0 0.584872 0.879631 0.043568 0.019950
0 0.589820 0.913078 0.031026 0.032863
0 0.538664 0.908968 0.011880 0.036379
0 0.734714 0.664878 0.019802 0.024644
0 0.765409 0.701844 0.027068 0.030511
0 0.715570 0.692456 0.010557 0.030511
0 0.543286 0.805113 0.044885 0.023470
0 0.546255 0.845012 0.042906 0.035206
0 0.495427 0.818021 0.013862 0.044593
