0 0.373309 0.615004 0.023104 0.016429
0 0.095407 0.623806 0.016503 0.057502
0 0.072303 0.614417 0.007261 0.029338
0 0.068343 0.636714 0.007261 0.036379
0 0.052831 0.617938 0.007921 0.038726
0 0.593781 0.321039 0.019146 0.012908
0 0.594112 0.336295 0.018484 0.017603
0 0.114220 0.365046 0.010561 0.016430
0 0.421826 0.402012 0.011882 0.017603
2 0.429087 0.412574 0.007921 0.019949
0 0.409945 0.414921 0.014522 0.017603
0 0.528763 0.539900 0.014526 0.014082
0 0.504339 0.532858 0.007921 0.018776
1 0.370009 0.654317 0.009902 0.019950
1 0.335353 0.656077 0.013202 0.018776
1 0.635698 0.677200 0.011885 0.018776
1 0.613914 0.684241 0.011880 0.018777
2 0.301688 0.647862 0.011882 0.018776
1 0.543943 0.605616 0.010562 0.023470
1 0.520842 0.600335 0.019805 0.017602
1 0.518860 0.618525 0.019801 0.016429
