0 0.173629 0.540486 0.011882 0.015256
0 0.182210 0.551048 0.010562 0.019949
0 0.157786 0.556915 0.017162 0.017603
0 0.300698 0.508214 0.011222 0.016429
0 0.316871 0.510562 0.011882 0.016429
0 0.311920 0.727661 0.012542 0.018776
0 0.127752 0.693043 0.009902 0.019950
0 0.142604 0.705364 0.015843 0.016429
1 0.837029 0.638474 0.019807 0.016430
1 0.854852 0.647275 0.009245 0.017603
1 0.835049 0.654904 0.013203 0.018776
1 0.735044 0.580972 0.009901 0.016430
1 0.712271 0.563369 0.009240 0.014081
1 0.715570 0.577451 0.011880 0.014082
1 0.521501 0.735289 0.010561 0.015256
1 0.531404 0.748197 0.013203 0.015256
1 0.745273 0.633193 0.011880 0.017603
1 0.773000 0.635541 0.011885 0.015256
