1 0.712930 0.467728 0.017161 0.010562
1 0.896768 0.429003 0.009901 0.045767
1 0.880594 0.414334 0.005281 0.016429
1 0.882578 0.434870 0.005281 0.024644
1 0.864094 0.423135 0.011885 0.043420
1 0.598732 0.624392 0.018484 0.011734
1 0.607646 0.611483 0.008583 0.011735
1 0.576620 0.625566 0.008583 0.016430
1 0.303008 0.715926 0.013202 0.011735
1 0.484206 0.572171 0.013862 0.010562
1 0.488496 0.585666 0.009242 0.014082
1 0.470674 0.583906 0.007921 0.015256
1 0.726792 0.595641 0.011885 0.015256
1 0.715901 0.583319 0.007260 0.014082
1 0.210924 0.609137 0.011222 0.014082
0 0.432388 0.589774 0.007921 0.017603
0 0.425457 0.608550 0.011222 0.012908
0 0.069333 0.835038 0.009241 0.017603
0 0.678607 0.585080 0.011880 0.015256
