0 0.292117 0.596815 0.025744 0.019950
2 0.278915 0.586253 0.009902 0.015256
0 0.349546 0.694216 0.007261 0.026991
0 0.290466 0.649622 0.011882 0.026991
0 0.274294 0.643168 0.009902 0.051634
0 0.246570 0.714166 0.008581 0.031685
0 0.296407 0.678374 0.026404 0.023469
2 0.660451 0.643168 0.020464 0.016429
0 0.614576 0.637888 0.015839 0.019949
0 0.426117 0.378542 0.015182 0.017602
0 0.441959 0.393797 0.013862 0.019950
0 0.418526 0.394384 0.009241 0.021123
2 0.399053 0.546354 0.015182 0.019950
2 0.390802 0.580386 0.011882 0.017603
2 0.922510 0.527577 0.012542 0.024644
2 0.892477 0.535206 0.018484 0.023470
1 0.838680 0.639648 0.015182 0.016429
1 0.836039 0.657837 0.015182 0.022296
1 0.808974 0.660771 0.012542 0.018777
1 0.458132 0.572171 0.011882 0.017603
1 0.424467 0.605616 0.018483 0.023470
