2 0.654510 0.589187 0.021781 0.016429
0 0.343605 0.623219 0.008581 0.046941
0 0.287166 0.580386 0.009241 0.041073
0 0.269673 0.585666 0.008581 0.051634
0 0.240629 0.646689 0.009902 0.053981
0 0.287496 0.538726 0.025744 0.018776
2 0.291457 0.619698 0.023104 0.018776
1 0.387831 0.738223 0.013862 0.018777
1 0.382551 0.769907 0.017823 0.021124
1 0.355486 0.768734 0.015182 0.023470
2 0.827128 0.500000 0.021120 0.016430
2 0.832737 0.519363 0.020464 0.017602
2 0.805344 0.504694 0.013198 0.025818
0 0.333703 0.490612 0.020463 0.011735
0 0.314230 0.500587 0.010561 0.017603
0 0.337334 0.507628 0.015842 0.015256
0 0.522160 0.315759 0.013200 0.011735
0 0.511270 0.320453 0.009901 0.018776
0 0.434038 0.362113 0.013862 0.015256
0 0.409614 0.355071 0.009902 0.019950
