1 0.549224 0.258256 0.015844 0.011735
1 0.580911 0.331015 0.003958 0.023470
1 0.561438 0.290528 0.005938 0.034032
1 0.550544 0.294049 0.007922 0.019950
1 0.511930 0.322213 0.004620 0.022296
1 0.547245 0.313999 0.015844 0.015256
2 0.283866 0.337469 0.017162 0.012908
1 0.360107 0.617351 0.008581 0.016430
1 0.792471 0.597988 0.008578 0.017603
1 0.395752 0.326907 0.005941 0.012908
1 0.242279 0.510562 0.015843 0.014082
1 0.248220 0.524057 0.009241 0.012908
1 0.226437 0.523470 0.009241 0.016430
1 0.730422 0.673093 0.011219 0.017603
1 0.737354 0.688348 0.013198 0.019950
1 0.706331 0.691282 0.018484 0.016430
