0 0.169668 0.630846 0.022444 0.015256
0 0.158116 0.622632 0.009902 0.017603
0 0.173959 0.711232 0.024424 0.023469
0 0.226767 0.711232 0.005941 0.049288
0 0.168348 0.666638 0.014522 0.056329
0 0.152176 0.676026 0.008581 0.051634
0 0.124782 0.732355 0.007921 0.053981
0 0.255481 0.674853 0.023764 0.021123
0 0.332713 0.484158 0.011882 0.017603
0 0.296737 0.490612 0.012542 0.018776
0 0.499058 0.789270 0.015842 0.012909
2 0.564078 0.684241 0.017823 0.016429
1 0.539984 0.434870 0.018479 0.017603
1 0.518860 0.422548 0.014520 0.016430
1 0.511600 0.437804 0.015842 0.021123
1 0.566388 0.404359 0.010557 0.017603
1 0.518201 0.809807 0.022443 0.014082
1 0.519851 0.827996 0.015183 0.019950
1 0.497078 0.815087 0.007921 0.017603
