0 0.235678 0.551048 0.017162 0.019949
2 0.214555 0.549874 0.010561 0.015256
1 0.802372 0.524644 0.009901 0.011735
1 0.815906 0.535792 0.018479 0.017603
1 0.795443 0.534032 0.009240 0.016429
1 0.663753 0.648449 0.009901 0.015256
1 0.634049 0.649036 0.011224 0.016429
1 0.690487 0.819782 0.010557 0.017603
1 0.700060 0.840318 0.009901 0.016429
2 0.007614 0.680721 0.013862 0.014082
1 0.834388 0.371500 0.015839 0.017603
1 0.894128 0.625566 0.011224 0.016430
1 0.904359 0.644929 0.013198 0.015256
1 0.887857 0.636127 0.007922 0.021123
1 0.935055 0.795725 0.015182 0.018777
