0 0.256141 0.704191 0.036966 0.023470
0 0.254491 0.753478 0.040266 0.061023
0 0.224127 0.743503 0.015182 0.064544
0 0.294757 0.844425 0.034985 0.052808
0 0.297728 0.752305 0.025083 0.044594
0 0.270993 0.798658 0.019143 0.031685
0 0.241949 0.832103 0.021783 0.056329
0 0.279905 0.518189 0.007921 0.017603
0 0.250201 0.576278 0.019803 0.025818
2 0.751216 0.423135 0.023766 0.012909
2 0.231717 0.482984 0.011882 0.019950
2 0.311590 0.441911 0.015843 0.026991
2 0.323141 0.453646 0.012542 0.019950
2 0.294427 0.474770 0.013202 0.017603
2 0.247560 0.325734 0.017162 0.017603
1 0.663422 0.294636 0.015844 0.014082
1 0.678604 0.302264 0.006604 0.015256
1 0.659461 0.309891 0.011880 0.016429
1 0.907990 0.083991 0.008583 0.008215
1 0.891487 0.076949 0.007266 0.008215
