0 0.255481 0.481224 0.010561 0.016429
0 0.232048 0.480637 0.007261 0.017602
1 0.586852 0.697736 0.018484 0.015256
1 0.571010 0.686001 0.010562 0.019949
1 0.563747 0.698323 0.007922 0.023470
1 0.824818 0.500000 0.008583 0.016430
1 0.832078 0.511735 0.011219 0.016430
1 0.848581 0.803939 0.009901 0.018776
1 0.858482 0.827996 0.013859 0.015256
1 0.969049 0.482984 0.011880 0.012908
1 0.957497 0.465381 0.008578 0.017602
1 0.950896 0.475943 0.007260 0.017603
1 0.993805 0.347444 0.015182 0.011735
0 0.242609 0.565130 0.012542 0.017603
0 0.248550 0.576865 0.009902 0.015256
0 0.229407 0.578038 0.013862 0.015256
0 0.165047 0.611483 0.010561 0.018776
0 0.172969 0.622632 0.007921 0.017603
0 0.151185 0.629086 0.021123 0.016430
