0 0.444930 0.811567 0.029044 0.036379
1 0.687188 0.237720 0.005281 0.017602
0 0.176269 0.447779 0.015843 0.012909
0 0.182540 0.460100 0.015182 0.014082
0 0.157786 0.454819 0.014522 0.015256
0 0.344925 0.812154 0.011221 0.028165
0 0.197063 0.569824 0.015182 0.024644
0 0.208614 0.585080 0.010561 0.022296
0 0.176599 0.591534 0.017822 0.021123
0 0.858812 0.789270 0.013198 0.026991
0 0.890169 0.815087 0.020464 0.024644
0 0.380240 0.594468 0.013202 0.019950
0 0.345255 0.593294 0.010561 0.019949
1 0.248880 0.896646 0.011882 0.030511
1 0.447900 0.546940 0.017822 0.014082
1 0.434368 0.552808 0.007921 0.016429
1 0.609625 0.725900 0.011219 0.024644
1 0.756497 0.525231 0.009245 0.015256
1 0.738344 0.528751 0.011219 0.015256
1 0.559786 0.672506 0.021125 0.021123
1 0.533711 0.651970 0.015182 0.024644
1 0.526452 0.670159 0.016502 0.025818
1 0.451201 0.563369 0.011221 0.016430
