1 0.903701 0.420201 0.017161 0.016429
0 0.075274 0.509388 0.009242 0.016430
0 0.059102 0.513495 0.012542 0.012909
0 0.286176 0.898994 0.013862 0.021123
0 0.125442 0.638474 0.009242 0.016430
0 0.110589 0.635540 0.017822 0.012908
0 0.106959 0.647863 0.013202 0.016429
0 0.329742 0.731768 0.007261 0.017603
0 0.305979 0.744090 0.013862 0.016429
0 0.191782 0.656077 0.008581 0.018776
0 0.174289 0.651383 0.018483 0.014082
0 0.173629 0.665465 0.018483 0.014082
1 0.792141 0.561023 0.009240 0.014082
1 0.805674 0.575105 0.016505 0.016430
1 0.785539 0.570998 0.007922 0.017603
1 0.742635 0.524644 0.009240 0.016430
1 0.729432 0.519950 0.014521 0.011735
1 0.725143 0.530512 0.009901 0.014082
1 0.944294 0.672506 0.008578 0.021123
1 0.927133 0.673680 0.019141 0.016430
1 0.925151 0.690109 0.013865 0.016429
1 0.574641 0.883151 0.008583 0.017603
1 0.638997 0.557502 0.011880 0.014082
