1 0.857820 0.293462 0.015182 0.072757
1 0.831417 0.295809 0.007260 0.061022
1 0.824487 0.296983 0.005276 0.049288
1 0.804682 0.294636 0.014521 0.072758
1 0.432388 0.402012 0.025084 0.022296
1 0.478595 0.668399 0.014522 0.019949
1 0.469023 0.688348 0.009901 0.019950
1 0.503019 0.689522 0.017162 0.024644
0 0.618208 0.768734 0.017823 0.021123
0 0.629427 0.790444 0.013865 0.024644
0 0.586852 0.794551 0.026401 0.023470
0 0.505329 0.798072 0.012542 0.021123
0 0.519520 0.819782 0.018481 0.024644
0 0.349215 0.777535 0.022443 0.019950
0 0.356807 0.800419 0.016503 0.025817
0 0.324132 0.793378 0.015842 0.023470
