0 0.270333 0.529925 0.021783 0.017603
2 0.256471 0.519950 0.009901 0.016429
0 0.327432 0.626739 0.007921 0.030511
0 0.269343 0.583319 0.007921 0.021123
0 0.253171 0.575105 0.009901 0.053981
0 0.224457 0.649036 0.009241 0.030511
0 0.274624 0.610310 0.026404 0.021123
2 0.638669 0.573931 0.019141 0.014082
0 0.707651 0.474183 0.015844 0.021123
0 0.608964 0.757586 0.013865 0.024644
0 0.589492 0.744090 0.021120 0.018777
0 0.407964 0.608550 0.017162 0.017603
0 0.395092 0.642581 0.012542 0.038726
2 0.660781 0.455406 0.014521 0.023470
2 0.631078 0.461274 0.014521 0.025817
1 0.604674 0.809220 0.013203 0.022297
1 0.665073 0.818608 0.012542 0.024644
1 0.688174 0.836798 0.020464 0.021123
