1 0.825146 0.553394 0.015844 0.015256
1 0.842310 0.562196 0.009245 0.016429
1 0.821516 0.571584 0.011219 0.016430
1 0.735703 0.585080 0.016500 0.012909
1 0.719531 0.588013 0.005281 0.014082
1 0.737682 0.597401 0.012542 0.016429
0 0.186501 0.534619 0.016503 0.015256
0 0.189471 0.549288 0.015842 0.014082
0 0.167358 0.536966 0.011222 0.019950
0 0.307299 0.538139 0.009902 0.017603
0 0.290136 0.541073 0.009901 0.016429
0 0.215215 0.641994 0.011882 0.023470
0 0.189801 0.646102 0.012542 0.019950
1 0.937695 0.407293 0.019141 0.016430
