0 0.111249 0.632606 0.015182 0.053981
0 0.088146 0.618525 0.005941 0.025818
0 0.084185 0.644928 0.007261 0.041073
0 0.067683 0.624392 0.007261 0.042247
0 0.424797 0.627913 0.021783 0.021123
0 0.803693 0.457754 0.016500 0.018776
0 0.535031 0.504107 0.007260 0.019950
0 0.509289 0.491199 0.009902 0.022297
0 0.517540 0.509975 0.013201 0.017603
0 0.215545 0.425482 0.019143 0.012908
0 0.213565 0.442498 0.020463 0.018776
1 0.569359 0.639061 0.013865 0.017603
1 0.546914 0.637888 0.013859 0.012908
2 0.215545 0.667812 0.017823 0.021123
2 0.189801 0.661357 0.013862 0.019950
