1 0.984891 0.413160 0.021125 0.014081
1 0.854193 0.592707 0.019802 0.011735
1 0.856172 0.610310 0.019802 0.016430
1 0.833068 0.598575 0.011885 0.016430
1 0.780922 0.534619 0.009240 0.015256
1 0.766729 0.546940 0.012542 0.014082
0 0.873664 0.712992 0.015182 0.017603
0 0.084185 0.755238 0.011222 0.012908
0 0.080555 0.779295 0.018483 0.011735
0 0.047880 0.778708 0.011222 0.015256
0 0.134023 0.434870 0.010561 0.012908
0 0.140624 0.446606 0.007921 0.015256
0 0.121151 0.449539 0.012542 0.016430
