0 0.305979 0.814501 0.016503 0.025817
0 0.262742 0.808633 0.013202 0.023470
0 0.194422 0.531098 0.015182 0.017603
0 0.202673 0.546941 0.011882 0.018776
0 0.176599 0.546941 0.015182 0.018776
1 0.334363 0.492372 0.009902 0.017602
1 0.347895 0.507041 0.014522 0.018776
1 0.325782 0.503520 0.008581 0.018776
1 0.940333 0.538139 0.013865 0.022296
1 0.957497 0.564543 0.025745 0.021123
1 0.943305 0.312238 0.015839 0.021123
1 0.780922 0.719447 0.010562 0.021123
1 0.739667 0.722967 0.017823 0.021123
