0 0.353176 0.569237 0.026404 0.021123
0 0.322151 0.583906 0.015842 0.034032
0 0.343935 0.596815 0.033005 0.034031
0 0.376279 0.639648 0.015842 0.058675
0 0.322482 0.668399 0.009902 0.069237
0 0.286506 0.804526 0.007921 0.019950
0 0.360767 0.711819 0.033665 0.034031
2 0.631740 0.565130 0.030365 0.022296
1 0.444930 0.549288 0.014522 0.018777
1 0.427767 0.535792 0.013202 0.024644
1 0.418526 0.551048 0.009241 0.019949
1 0.860794 0.369740 0.011880 0.014082
1 0.588503 0.306957 0.016505 0.015256
1 0.575961 0.296396 0.005943 0.015256
2 0.436348 0.330428 0.009242 0.012909
2 0.423477 0.328668 0.005941 0.011735
