2 0.772997 0.493545 0.017161 0.015256
0 0.355486 0.424309 0.012542 0.012908
0 0.349876 0.488852 0.010561 0.057502
0 0.367698 0.493546 0.009241 0.034032
0 0.317201 0.569237 0.009901 0.028165
0 0.433048 0.550461 0.006601 0.025817
0 0.373969 0.529925 0.025744 0.022297
0 0.314230 0.676026 0.018483 0.021123
0 0.810294 0.467729 0.013859 0.022296
0 0.773331 0.441911 0.015182 0.019950
0 0.270333 0.556915 0.012542 0.022297
0 0.228087 0.560436 0.019143 0.024644
1 0.463412 0.672506 0.013202 0.025818
1 0.464733 0.649036 0.013202 0.023470
1 0.496088 0.682481 0.013863 0.026991
1 0.370008 0.722967 0.021783 0.025818
