0 0.128412 0.673680 0.019143 0.028165
0 0.099698 0.676026 0.015842 0.021123
0 0.287166 0.656663 0.015842 0.017603
0 0.258122 0.653730 0.009241 0.021123
0 0.379910 0.500000 0.009902 0.018776
0 0.262742 0.744677 0.010561 0.019950
0 0.252511 0.767560 0.017822 0.018776
1 0.933734 0.504694 0.019146 0.014082
1 0.934724 0.518776 0.019802 0.016429
1 0.834719 0.531685 0.009906 0.021123
1 0.848581 0.546354 0.013859 0.015256
1 0.773328 0.632020 0.016500 0.015256
1 0.790492 0.641995 0.009901 0.016429
1 0.767391 0.647862 0.012542 0.018776
1 0.633719 0.362113 0.009240 0.022297
