0 0.042269 0.649622 0.019803 0.015256
1 0.971029 0.347444 0.018484 0.016430
0 0.059761 0.573344 0.015182 0.015256
0 0.064052 0.588013 0.015842 0.016429
0 0.040289 0.582733 0.013202 0.017603
0 0.188151 0.558675 0.009242 0.018777
0 0.213235 0.560436 0.014522 0.015256
0 0.155146 0.619698 0.011882 0.018776
0 0.162737 0.630260 0.009902 0.018777
0 0.142934 0.633194 0.012542 0.015256
1 0.817555 0.494132 0.009901 0.014081
1 0.824818 0.508214 0.012542 0.014082
1 0.842310 0.505868 0.007922 0.014081
1 0.944294 0.468902 0.008578 0.015256
1 0.937365 0.477117 0.010563 0.019950
1 0.955516 0.484744 0.013865 0.014081
1 0.936706 0.795725 0.011880 0.018777
1 0.914260 0.801592 0.015844 0.016429
1 0.908979 0.777535 0.009240 0.017602
