2 0.035338 0.687175 0.029704 0.024644
1 0.478595 0.480637 0.027724 0.022296
1 0.543615 0.612070 0.004625 0.022296
1 0.501368 0.536379 0.011222 0.061022
1 0.476945 0.555155 0.012542 0.018777
1 0.455491 0.534619 0.010562 0.062196
1 0.478925 0.582146 0.028384 0.025818
2 0.324792 0.851466 0.029045 0.017603
2 0.329082 0.878457 0.019143 0.026991
2 0.295747 0.864962 0.009242 0.025818
2 0.237658 0.945931 0.013202 0.023472
2 0.254161 0.974685 0.022444 0.024648
0 0.580581 0.904275 0.021786 0.029338
0 0.544604 0.888432 0.010562 0.030512
