1 0.866073 0.415507 0.015844 0.011735
2 0.656161 0.437804 0.009240 0.009388
2 0.809305 0.546354 0.009245 0.012909
2 0.793133 0.545767 0.011224 0.014082
1 0.467703 0.514082 0.007261 0.016429
1 0.454831 0.511735 0.014522 0.014081
1 0.451531 0.522296 0.010561 0.011735
1 0.720190 0.698323 0.007922 0.011735
1 0.694448 0.707125 0.010562 0.015256
1 0.897758 0.529338 0.009245 0.016430
1 0.891487 0.540486 0.007266 0.015256
1 0.908651 0.539899 0.012542 0.011735
0 0.212905 0.615004 0.011222 0.014082
0 0.193102 0.609723 0.008581 0.015256
0 0.184190 0.671919 0.007921 0.015256
0 0.191452 0.679547 0.009242 0.018776
0 0.175279 0.682481 0.012542 0.012908
0 0.079895 0.698323 0.009242 0.018776
0 0.071643 0.717100 0.017822 0.016429
