1 0.842971 0.704191 0.018484 0.016430
1 0.821185 0.691282 0.007922 0.021123
1 0.800724 0.364459 0.013198 0.015256
0 0.038638 0.687762 0.021783 0.014082
0 0.470014 0.558089 0.009242 0.019950
0 0.451531 0.568063 0.015843 0.016429
0 0.047550 0.529925 0.010562 0.017603
0 0.036328 0.542246 0.011882 0.014081
0 0.164058 0.660184 0.009902 0.015256
0 0.158777 0.675440 0.013862 0.017602
1 0.802375 0.536379 0.012542 0.016430
1 0.812935 0.547527 0.016505 0.012908
1 0.794784 0.545767 0.011880 0.016429
1 0.852542 0.634954 0.017823 0.016430
1 0.867724 0.642581 0.011219 0.015256
1 0.796435 0.682481 0.015182 0.012908
1 0.791810 0.694216 0.015182 0.015256
2 0.054811 0.538726 0.007921 0.016430
0 0.139304 0.674853 0.009242 0.016429
