2 0.321491 0.528751 0.011882 0.017603
1 0.598073 0.466555 0.015844 0.012908
1 0.563089 0.512909 0.005281 0.037553
1 0.608966 0.497066 0.009901 0.029338
1 0.625797 0.521123 0.006604 0.039900
1 0.598404 0.490025 0.005943 0.034031
1 0.594443 0.519363 0.017823 0.017602
0 0.515230 0.546354 0.009902 0.017602
0 0.533055 0.548114 0.009901 0.018776
0 0.394102 0.563369 0.013202 0.014081
1 0.732734 0.845012 0.014521 0.023470
1 0.759135 0.856747 0.019802 0.021123
1 0.769039 0.887258 0.011880 0.016430
1 0.788513 0.888432 0.011224 0.016429
