0 0.401363 0.664878 0.022443 0.015256
0 0.120161 0.672506 0.014522 0.058675
0 0.099368 0.659598 0.007261 0.025818
0 0.095737 0.679547 0.007921 0.032858
0 0.080885 0.668399 0.007261 0.038726
2 0.214885 0.704191 0.012542 0.018776
2 0.192772 0.697150 0.010561 0.018776
1 0.668375 0.749371 0.007260 0.015256
1 0.650552 0.756999 0.012542 0.016429
1 0.361097 0.843252 0.010562 0.019950
0 0.511930 0.656077 0.011221 0.021123
0 0.518200 0.671332 0.010559 0.018776
0 0.497738 0.670746 0.014522 0.022297
0 0.588500 0.782229 0.021781 0.010562
0 0.588172 0.798072 0.015844 0.018777
0 0.960466 0.488265 0.018484 0.018776
