0 0.190132 0.646102 0.025084 0.017603
0 0.174619 0.687762 0.008582 0.046940
0 0.151515 0.757586 0.007261 0.017603
0 0.194422 0.718273 0.024424 0.018776
2 0.177589 0.639648 0.007921 0.011735
2 0.510940 0.677200 0.018483 0.014081
0 0.337334 0.479463 0.013202 0.019949
0 0.311260 0.478290 0.009902 0.019950
0 0.290136 0.488852 0.012542 0.015256
0 0.271324 0.489438 0.009241 0.018777
2 0.280565 0.602095 0.013202 0.016430
2 0.272314 0.630260 0.011221 0.016429
2 0.737685 0.560436 0.011224 0.017603
0 0.762438 0.562196 0.017167 0.021123
1 0.457142 0.378542 0.015182 0.012909
1 0.583549 0.386756 0.007922 0.015256
1 0.972349 0.853227 0.015844 0.018776
1 0.950568 0.837384 0.009240 0.017602
1 0.801055 0.675440 0.013859 0.019950
1 0.764419 0.663705 0.011880 0.019950
1 0.769039 0.507041 0.010557 0.016429
1 0.785542 0.516429 0.018479 0.016429
