0 0.260102 0.529924 0.019803 0.026991
0 0.636688 0.410226 0.017823 0.024644
0 0.608966 0.388517 0.020464 0.023470
0 0.598073 0.411987 0.015844 0.023470
0 0.321491 0.048198 0.011882 0.018776
2 0.794784 0.566304 0.007922 0.026991
2 0.761779 0.562196 0.031682 0.018776
2 0.758807 0.590360 0.029708 0.023470
1 0.966740 0.520536 0.019146 0.026991
1 0.908320 0.513495 0.015839 0.026991
1 0.621177 0.535792 0.034323 0.022297
1 0.648570 0.515843 0.015182 0.022296
1 0.683555 0.449539 0.011224 0.023470
1 0.654510 0.431350 0.027063 0.017603
1 0.648901 0.457167 0.019802 0.024644
