0 0.259112 0.657250 0.016503 0.018777
0 0.250530 0.622045 0.011221 0.051634
1 0.276934 0.612070 0.007261 0.017603
0 0.236998 0.628500 0.007921 0.043419
0 0.214225 0.674266 0.008581 0.055155
0 0.299048 0.657837 0.006601 0.052807
2 0.490477 0.791031 0.007921 0.021123
0 0.471994 0.805113 0.015842 0.016429
0 0.694117 0.511148 0.011224 0.019950
0 0.706659 0.522297 0.020464 0.016429
0 0.547573 0.513495 0.012542 0.012909
2 0.417536 0.801592 0.008582 0.021123
0 0.385851 0.795138 0.011222 0.026991
2 0.592133 0.463621 0.006599 0.016430
0 0.585862 0.454233 0.008578 0.014082
0 0.574971 0.467729 0.013203 0.015256
