1 0.821518 0.269405 0.009901 0.048114
1 0.807323 0.272925 0.005281 0.029338
1 0.786201 0.265885 0.013203 0.045768
1 0.663753 0.309304 0.019141 0.017603
1 0.489486 0.673680 0.012542 0.018776
1 0.481235 0.649623 0.011882 0.019949
1 0.562096 0.691282 0.011224 0.014082
1 0.532062 0.687762 0.013198 0.018777
1 0.504339 0.488851 0.011882 0.017603
1 0.471004 0.474183 0.011222 0.025818
1 0.478925 0.493546 0.021783 0.017603
1 0.437669 0.618525 0.010561 0.014082
1 0.435688 0.640235 0.014522 0.017603
1 0.413575 0.640234 0.012542 0.022296
0 0.590813 0.587426 0.014521 0.017603
0 0.559786 0.581559 0.011885 0.019950
0 0.441959 0.697150 0.015182 0.021123
0 0.425787 0.684241 0.011882 0.023469
0 0.418856 0.697150 0.009902 0.021123
0 0.118180 0.752305 0.007921 0.023470
0 0.097717 0.771081 0.022443 0.018777
