1 0.880594 0.414334 0.015844 0.014082
0 0.061412 0.684828 0.021123 0.015256
2 0.655831 0.436044 0.013859 0.010561
2 0.809964 0.545767 0.009240 0.011735
2 0.792471 0.545180 0.011224 0.010562
1 0.431398 0.518189 0.012542 0.012908
1 0.435358 0.527577 0.009901 0.010562
1 0.418856 0.522296 0.008581 0.011735
1 0.907659 0.537552 0.013203 0.014082
1 0.897427 0.529338 0.008583 0.016430
1 0.699727 0.707712 0.013203 0.014082
0 0.079565 0.688348 0.015182 0.019950
0 0.071313 0.707712 0.021123 0.021123
0 0.221156 0.609137 0.009241 0.014082
0 0.198053 0.613244 0.013202 0.015256
0 0.182540 0.661357 0.008581 0.015256
0 0.178910 0.674266 0.013202 0.012908
