1 0.670354 0.368567 0.031021 0.023470
0 0.534044 0.802179 0.017161 0.034031
0 0.483216 0.818021 0.034325 0.030511
0 0.654841 0.726488 0.017161 0.023469
0 0.707979 0.725900 0.017823 0.029338
0 0.318191 0.461274 0.022444 0.023470
0 0.206304 0.709472 0.013862 0.034032
0 0.252181 0.678961 0.019803 0.024644
1 0.516220 0.676027 0.030363 0.018776
1 0.548896 0.674853 0.008583 0.025818
1 0.445590 0.456580 0.010562 0.021123
1 0.402023 0.460687 0.010561 0.026991
0 0.243270 0.716513 0.023104 0.026991
1 0.443280 0.756412 0.012542 0.029337
1 0.396413 0.730008 0.016502 0.028164
1 0.810625 0.271752 0.015844 0.088014
1 0.842641 0.271752 0.005937 0.073931
1 0.875977 0.273513 0.018484 0.089186
1 0.516881 0.703017 0.031686 0.028164
1 0.404664 0.756999 0.021123 0.025818
1 0.424797 0.452473 0.029705 0.017603
1 0.424797 0.478290 0.019143 0.024644
