0 0.823167 0.267645 0.023760 0.018777
0 0.827458 0.287595 0.023104 0.021123
0 0.791482 0.267058 0.021120 0.024644
0 0.514570 0.599162 0.013861 0.024644
0 0.499388 0.622045 0.020464 0.023470
0 0.379910 0.306957 0.021783 0.019950
0 0.388821 0.328667 0.015843 0.021123
0 0.354496 0.321626 0.018483 0.023469
0 0.121481 0.833277 0.021123 0.023470
0 0.136003 0.854987 0.015843 0.029338
0 0.092107 0.853813 0.016503 0.029338
0 0.585862 0.556328 0.011224 0.025818
0 0.542625 0.561023 0.019802 0.025818
