1 0.614904 0.241241 0.015182 0.066890
1 0.591141 0.244175 0.007260 0.058675
1 0.566388 0.243588 0.011880 0.069237
1 0.425787 0.308131 0.023764 0.022297
0 0.815906 0.917772 0.014521 0.023475
0 0.790823 0.904274 0.026406 0.019950
0 0.785872 0.931851 0.019141 0.025816
0 0.667714 0.501760 0.013865 0.022296
0 0.637349 0.502347 0.013865 0.023470
0 0.331393 0.959426 0.021123 0.022296
0 0.356477 0.976444 0.017162 0.023463
0 0.322482 0.984074 0.013862 0.024648
0 0.427437 0.791618 0.012542 0.019950
0 0.468693 0.802179 0.018483 0.024644
0 0.498398 0.808046 0.013202 0.026991
0 0.533052 0.816848 0.027063 0.023470
1 0.340964 0.613831 0.024424 0.016430
1 0.345915 0.636127 0.023764 0.025818
1 0.310270 0.623805 0.015842 0.024644
1 0.277595 0.406706 0.015182 0.022297
1 0.253501 0.389103 0.009241 0.022297
1 0.400043 0.772841 0.014522 0.024644
