1 0.763099 0.484158 0.009240 0.048114
1 0.751544 0.487092 0.004620 0.023470
1 0.747917 0.474769 0.003958 0.022296
1 0.734052 0.480050 0.010562 0.039899
1 0.550547 0.512908 0.015844 0.011735
1 0.517871 0.733529 0.013862 0.014081
1 0.522821 0.747024 0.011880 0.015256
1 0.504009 0.737049 0.009902 0.016430
1 0.687846 0.555742 0.013203 0.015256
1 0.669693 0.548700 0.011219 0.012908
1 0.490477 0.624979 0.015842 0.017603
1 0.475954 0.612070 0.007921 0.015256
1 0.471664 0.624392 0.008581 0.021123
1 0.355816 0.630260 0.009241 0.016429
1 0.333043 0.639061 0.012542 0.012909
0 0.485196 0.678961 0.011882 0.012908
0 0.471334 0.674266 0.010561 0.017603
0 0.394432 0.643755 0.011222 0.017603
0 0.379580 0.639061 0.018483 0.010561
0 0.377599 0.652556 0.017162 0.016430
