1 0.801385 0.275273 0.014521 0.012908
1 0.797755 0.294636 0.007260 0.018777
1 0.805016 0.297569 0.007260 0.024644
1 0.811284 0.331014 0.007922 0.021123
1 0.767388 0.302850 0.005943 0.018776
1 0.791482 0.309891 0.013203 0.018777
2 0.623487 0.258844 0.009901 0.012909
1 0.986542 0.893713 0.012542 0.026991
1 0.234688 0.786923 0.011222 0.019950
1 0.258122 0.785163 0.011882 0.018776
1 0.895117 0.438391 0.009245 0.017602
1 0.875646 0.431937 0.008583 0.016429
0 0.447240 0.311065 0.009902 0.014081
0 0.141284 0.221291 0.009242 0.012908
0 0.146565 0.229506 0.007921 0.012908
1 0.712930 0.927159 0.022443 0.030515
1 0.696096 0.868482 0.009901 0.032858
0 0.189141 0.272925 0.008581 0.012908
