0 0.235678 0.656077 0.018483 0.014081
0 0.225777 0.650209 0.009241 0.016430
0 0.277925 0.731768 0.005281 0.012908
0 0.233698 0.698910 0.009242 0.019950
0 0.201353 0.751131 0.006601 0.014082
0 0.221816 0.691869 0.005281 0.038725
0 0.238318 0.717687 0.021123 0.017603
0 0.726133 0.820369 0.009245 0.016430
0 0.682565 0.595641 0.006599 0.017603
0 0.651211 0.586253 0.008578 0.012908
0 0.661771 0.601508 0.017823 0.015256
2 0.663091 0.759346 0.009901 0.011734
2 0.662763 0.775188 0.010557 0.012908
2 0.538333 0.696563 0.012542 0.012909
