1 0.909310 0.387930 0.017818 0.015256
0 0.184191 0.411400 0.010561 0.015256
0 0.190791 0.420201 0.009241 0.014082
0 0.169668 0.417268 0.015843 0.015256
0 0.168678 0.653730 0.009901 0.018776
0 0.162077 0.670159 0.013862 0.016429
0 0.025436 0.517016 0.011222 0.017603
2 0.032698 0.526404 0.008581 0.017603
0 0.013885 0.529925 0.013202 0.017603
0 0.078904 0.870830 0.009902 0.018776
0 0.071313 0.889019 0.015842 0.017603
0 0.150525 0.618525 0.014522 0.016429
0 0.122471 0.612070 0.009902 0.019950
1 0.764747 0.641408 0.009901 0.019949
1 0.740984 0.652556 0.012542 0.016430
1 0.811284 0.532272 0.007922 0.012908
1 0.819536 0.546940 0.012542 0.014082
1 0.885216 0.652556 0.014526 0.018776
1 0.877956 0.666052 0.013203 0.019950
1 0.904029 0.670159 0.013859 0.018776
