0 0.394102 0.695389 0.023764 0.083319
0 0.350536 0.693629 0.014522 0.082145
0 0.306639 0.735875 0.011222 0.103269
0 0.575299 0.533445 0.019141 0.031684
0 0.354826 0.616178 0.032345 0.023470
0 0.346245 0.648449 0.037626 0.038726
0 0.323472 0.629086 0.022443 0.042246
0 0.841979 0.376781 0.012542 0.011735
0 0.462092 0.386756 0.013202 0.010562
0 0.465393 0.397905 0.013202 0.014081
0 0.448560 0.393211 0.009902 0.014082
0 0.440639 0.409053 0.011222 0.015256
1 0.538995 0.678960 0.028385 0.031685
1 0.545924 0.705364 0.018484 0.025818
1 0.508629 0.684241 0.016503 0.025818
