2 0.332053 0.479464 0.015842 0.015256
1 0.587182 0.396731 0.016500 0.011735
1 0.618536 0.464208 0.003958 0.034032
1 0.599393 0.431936 0.006599 0.035206
1 0.588500 0.427829 0.008583 0.031684
1 0.584870 0.453646 0.015844 0.012909
1 0.548896 0.456580 0.004625 0.035205
0 0.689826 0.698910 0.011880 0.017603
0 0.666063 0.705364 0.018479 0.016429
0 0.566388 0.545181 0.013203 0.015256
0 0.297728 0.775188 0.009242 0.019950
0 0.270664 0.785750 0.015843 0.017603
2 0.398063 0.675440 0.007921 0.012909
2 0.392122 0.695389 0.009242 0.012908
2 0.371659 0.690109 0.006601 0.016429
1 0.438659 0.591534 0.008581 0.014082
1 0.431398 0.602682 0.007261 0.015256
1 0.452521 0.606203 0.012542 0.015256
2 0.788841 0.852640 0.006599 0.017603
2 0.758807 0.860855 0.011219 0.015256
