0 0.270664 0.670159 0.034325 0.061022
0 0.234688 0.690695 0.020463 0.038726
0 0.203663 0.740570 0.016503 0.093881
1 0.845279 0.135038 0.005943 0.016429
0 0.397073 0.816848 0.013862 0.037553
0 0.458792 0.754651 0.018483 0.044594
0 0.444930 0.826236 0.031685 0.035206
1 0.700388 0.414334 0.010557 0.021123
1 0.513910 0.785750 0.011221 0.029338
1 0.755508 0.827996 0.019141 0.038726
1 0.797753 0.856160 0.021786 0.026991
1 0.705669 0.403772 0.010557 0.018776
1 0.718872 0.420201 0.011880 0.014082
0 0.571008 0.490025 0.011880 0.017603
0 0.543615 0.496480 0.012542 0.018776
0 0.594112 0.387343 0.011880 0.016429
0 0.589161 0.398491 0.009906 0.017603
0 0.607312 0.400251 0.010562 0.014082
0 0.538333 0.339816 0.008583 0.015256
0 0.548234 0.332775 0.011219 0.010562
0 0.551534 0.344510 0.009901 0.012908
0 0.615237 0.454233 0.018484 0.016429
