1 0.638669 0.217771 0.004620 0.024644
2 0.522822 0.760519 0.019804 0.032858
2 0.520182 0.513495 0.005282 0.017602
2 0.609625 0.725314 0.013865 0.018776
2 0.447240 0.640234 0.008581 0.019950
2 0.424797 0.645515 0.023104 0.016429
2 0.422817 0.665465 0.021783 0.016430
1 0.392122 0.816848 0.019803 0.028164
1 0.355816 0.827409 0.018483 0.025817
1 0.170328 0.474769 0.009241 0.015256
1 0.152176 0.467728 0.021783 0.012908
1 0.151846 0.480050 0.014522 0.014082
1 0.618536 0.582146 0.011885 0.018777
1 0.609953 0.591534 0.009240 0.018777
1 0.632068 0.600922 0.012542 0.014082
1 0.565727 0.639648 0.018484 0.014082
1 0.567047 0.657837 0.014521 0.015256
1 0.548565 0.638475 0.006599 0.021123
2 0.535034 0.477117 0.009901 0.012909
