1 0.757487 0.265298 0.015182 0.070410
1 0.708310 0.267645 0.013203 0.070410
1 0.733724 0.268232 0.005938 0.059849
1 0.376940 0.388516 0.022444 0.021123
0 0.614245 0.624979 0.016500 0.022296
0 0.589490 0.605616 0.019802 0.018776
0 0.579919 0.624979 0.013859 0.022296
0 0.273634 0.643755 0.016503 0.012908
0 0.278255 0.670159 0.013862 0.021123
0 0.243929 0.676027 0.017822 0.023470
1 0.629758 0.586839 0.014526 0.021123
2 0.411595 0.617351 0.011222 0.021123
1 0.463413 0.687175 0.018483 0.022296
