1 0.834719 0.411400 0.019146 0.015256
0 0.364728 0.714752 0.012542 0.018777
0 0.340304 0.711232 0.011222 0.021123
0 0.185181 0.684828 0.011222 0.017603
0 0.361427 0.542246 0.008581 0.018776
0 0.347565 0.547527 0.011222 0.012908
0 0.071313 0.645515 0.009241 0.018777
0 0.054481 0.656077 0.013862 0.011735
0 0.045570 0.642581 0.007921 0.015256
1 0.626456 0.413161 0.007922 0.021123
1 0.668042 0.575692 0.010562 0.022296
1 0.687846 0.580386 0.014526 0.012908
1 0.774320 0.662531 0.017161 0.015256
1 0.772010 0.676026 0.012542 0.014082
