1 0.886206 0.294049 0.013859 0.071584
1 0.861122 0.294636 0.005943 0.058675
1 0.834719 0.294049 0.013865 0.069237
1 0.500378 0.410813 0.023764 0.018776
0 0.495427 0.770494 0.019143 0.022297
0 0.530411 0.646688 0.013865 0.021123
0 0.515561 0.671332 0.029045 0.023470
1 0.624477 0.758759 0.017161 0.026991
1 0.590151 0.775775 0.025083 0.023470
1 0.407634 0.711819 0.011221 0.019950
1 0.390472 0.737050 0.017822 0.021123
2 0.692469 0.576278 0.009240 0.021123
2 0.663422 0.581559 0.014521 0.022297
