1 0.941326 0.419028 0.017161 0.014081
0 0.312910 0.767560 0.009242 0.016430
0 0.286176 0.775188 0.015182 0.017603
0 0.251191 0.727661 0.008581 0.021123
0 0.239309 0.751718 0.019143 0.019949
0 0.052170 0.613831 0.013202 0.014081
0 0.057121 0.624979 0.011222 0.015256
0 0.039629 0.629673 0.011882 0.012908
0 0.066033 0.658424 0.009241 0.016430
0 0.047220 0.661358 0.012542 0.017603
1 0.629096 0.421375 0.006599 0.018776
1 0.769701 0.626739 0.007922 0.011735
1 0.776630 0.640821 0.012542 0.014081
1 0.835378 0.681894 0.011224 0.014082
1 0.818547 0.672506 0.014521 0.014082
1 0.814586 0.683654 0.011880 0.012908
1 0.753857 0.735289 0.019807 0.017602
1 0.739336 0.718860 0.011880 0.017603
1 0.732404 0.733529 0.008578 0.016430
