1 0.424467 0.068148 0.026404 0.016429
1 0.487506 0.194300 0.004621 0.017603
1 0.446250 0.122130 0.010561 0.056328
1 0.424797 0.139732 0.009902 0.016430
1 0.403343 0.119782 0.009241 0.053981
1 0.425787 0.165550 0.026404 0.021123
1 0.160757 0.605029 0.008581 0.022297
1 0.112900 0.620285 0.018483 0.024644
2 0.006294 0.265885 0.013862 0.022297
2 0.942646 0.570997 0.010562 0.022296
2 0.912940 0.553981 0.027724 0.016430
2 0.908651 0.581559 0.016500 0.024644
2 0.399053 0.907794 0.029705 0.026991
2 0.244920 0.524644 0.006601 0.021123
2 0.198053 0.508214 0.014522 0.021123
2 0.216205 0.537552 0.017823 0.025818
2 0.280565 0.422548 0.027724 0.016430
2 0.253831 0.433697 0.007261 0.022297
2 0.284196 0.446605 0.019143 0.022297
0 0.558466 0.874350 0.022443 0.028165
