2 0.237989 0.534619 0.013862 0.019950
1 0.578930 0.456580 0.018484 0.016429
1 0.580250 0.488265 0.009240 0.039900
1 0.592464 0.491199 0.008583 0.041073
1 0.536023 0.518776 0.006599 0.044594
1 0.614245 0.531685 0.005937 0.044594
1 0.576292 0.521123 0.019802 0.016430
1 0.321491 0.570411 0.011882 0.014082
1 0.471994 0.515842 0.009241 0.017603
0 0.586852 0.636127 0.014526 0.018777
0 0.420506 0.542246 0.017162 0.016430
0 0.510280 0.504694 0.015843 0.011735
0 0.514900 0.519950 0.009241 0.014082
0 0.492787 0.517603 0.011222 0.018776
