1 0.460112 0.481811 0.023764 0.017603
1 0.812273 0.358005 0.015182 0.070410
1 0.787190 0.359179 0.004620 0.061022
1 0.780591 0.352138 0.004620 0.030511
1 0.761117 0.358005 0.014526 0.070410
0 0.152176 0.720620 0.020463 0.016429
0 0.160757 0.742917 0.016503 0.023470
0 0.124452 0.744090 0.025744 0.021123
0 0.500048 0.756999 0.017822 0.018776
0 0.471664 0.742917 0.008581 0.021124
2 0.649891 0.781643 0.013865 0.025817
2 0.614576 0.779882 0.013203 0.022296
1 0.730094 0.598575 0.021125 0.018776
1 0.722503 0.621458 0.015182 0.022296
1 0.758805 0.616764 0.015182 0.022297
1 0.295087 0.777535 0.013202 0.019950
1 0.248220 0.781056 0.017162 0.022296
