1 0.805672 0.271165 0.012542 0.075105
1 0.751216 0.272339 0.013203 0.075105
1 0.779271 0.271166 0.008583 0.061022
1 0.473644 0.375608 0.027064 0.023469
1 0.098708 0.684241 0.024423 0.025818
1 0.497408 0.596228 0.027064 0.021123
1 0.468693 0.574518 0.017162 0.022297
1 0.459452 0.594468 0.015843 0.026991
1 0.709630 0.534619 0.019802 0.022296
1 0.701708 0.555742 0.014521 0.017603
1 0.738013 0.546354 0.017161 0.019950
1 0.619857 0.787510 0.009245 0.028165
1 0.645930 0.785750 0.028380 0.017603
1 0.647909 0.810981 0.020464 0.018776
0 0.167028 0.657250 0.029044 0.021123
0 0.421496 0.411400 0.020463 0.019950
0 0.429747 0.432523 0.013202 0.019950
0 0.401033 0.424895 0.016503 0.021123
0 0.624148 0.595641 0.015182 0.022297
0 0.581240 0.596814 0.016500 0.024644
0 0.522821 0.769320 0.018482 0.019950
0 0.493117 0.751131 0.010561 0.028164
