1 0.702367 0.399665 0.017161 0.012909
1 0.735703 0.478877 0.003302 0.025817
1 0.715573 0.438391 0.005281 0.026991
1 0.704021 0.437804 0.007260 0.021123
1 0.663094 0.466555 0.003302 0.024644
1 0.700719 0.460687 0.016500 0.015256
2 0.426117 0.474769 0.016503 0.012909
1 0.148545 0.764626 0.007921 0.017603
1 0.117190 0.771081 0.013862 0.014082
1 0.491797 0.480637 0.006601 0.012909
1 0.472324 0.483571 0.011222 0.014082
1 0.401693 0.649036 0.015182 0.011735
1 0.418526 0.658424 0.009241 0.014082
1 0.398063 0.664291 0.011882 0.014082
1 0.799073 0.813327 0.008583 0.016429
1 0.770687 0.791031 0.012542 0.014081
1 0.775969 0.812740 0.012542 0.017603
0 0.477605 0.633194 0.011222 0.015256
0 0.448230 0.633193 0.009242 0.017603
0 0.661112 0.776949 0.016505 0.016429
0 0.274624 0.658424 0.009241 0.014082
0 0.281225 0.671332 0.006601 0.016430
0 0.258122 0.680134 0.019803 0.015256
