0 0.051840 0.684828 0.012542 0.017603
0 0.027417 0.695389 0.017823 0.019949
0 0.451861 0.526991 0.007261 0.014081
0 0.427767 0.535792 0.011882 0.015256
0 0.206304 0.377368 0.009902 0.010562
0 0.211254 0.386169 0.007921 0.014081
0 0.194092 0.389103 0.010562 0.015256
0 0.168348 0.641408 0.010561 0.015256
0 0.175279 0.653730 0.009902 0.016429
0 0.154156 0.659597 0.013862 0.016430
0 0.005303 0.669572 0.013202 0.015256
1 0.848253 0.375021 0.017161 0.012908
1 0.540974 0.531098 0.011219 0.012909
1 0.796102 0.518776 0.007922 0.014082
1 0.790492 0.526991 0.005943 0.016430
1 0.806333 0.538139 0.012542 0.012908
1 0.967068 0.375021 0.009240 0.010561
1 0.949245 0.370327 0.009240 0.012908
