0 0.136333 0.636127 0.023104 0.016429
0 0.188481 0.726488 0.007261 0.016429
0 0.118180 0.678960 0.007921 0.045767
0 0.095407 0.749371 0.007261 0.019949
0 0.140294 0.711819 0.024424 0.024644
1 0.212245 0.596228 0.009902 0.016430
1 0.195742 0.580972 0.019143 0.011735
1 0.191782 0.594468 0.012542 0.015256
1 0.581901 0.610310 0.012542 0.016430
1 0.612924 0.606789 0.009901 0.018777
1 0.432058 0.426069 0.009902 0.014082
1 0.448230 0.438977 0.018483 0.016429
1 0.423807 0.437804 0.009241 0.018776
0 0.265713 0.849119 0.017822 0.022296
