0 0.329082 0.487091 0.009901 0.016429
0 0.318191 0.499413 0.015843 0.017603
0 0.240299 0.526991 0.010561 0.016430
2 0.644940 0.396731 0.006599 0.011735
2 0.651870 0.407293 0.007260 0.011735
0 0.087486 0.515843 0.008581 0.015256
0 0.077584 0.525817 0.012542 0.016429
1 0.775641 0.643755 0.006604 0.012908
1 0.762438 0.658424 0.018479 0.016430
1 0.904687 0.498826 0.017823 0.014082
1 0.905018 0.513495 0.011880 0.012909
1 0.676956 0.562783 0.008578 0.012908
1 0.683885 0.575105 0.010562 0.016430
2 0.788844 0.515256 0.010562 0.014081
1 0.893138 0.383236 0.014526 0.012908
