2 0.773659 0.491199 0.017161 0.015256
0 0.357797 0.422549 0.011882 0.014082
0 0.350205 0.484744 0.009902 0.053981
0 0.368028 0.482397 0.013862 0.061022
0 0.317861 0.567477 0.005941 0.029337
0 0.433378 0.546354 0.007261 0.019950
2 0.374629 0.525231 0.025744 0.022296
0 0.441299 0.644342 0.017822 0.021123
0 0.408294 0.648449 0.015182 0.029337
0 0.739664 0.490025 0.015182 0.015256
0 0.295417 0.515256 0.017823 0.016430
1 0.480245 0.651383 0.013862 0.021123
1 0.479585 0.678960 0.013862 0.022296
1 0.513911 0.685415 0.013865 0.025817
