0 0.371659 0.704777 0.034325 0.029338
0 0.346575 0.736463 0.014522 0.059849
0 0.372649 0.752892 0.033665 0.050461
0 0.403014 0.749371 0.017823 0.041073
0 0.377930 0.781643 0.012542 0.025817
0 0.356146 0.812154 0.015182 0.044594
0 0.339314 0.947694 0.013202 0.012907
0 0.398063 0.829169 0.029044 0.045767
2 0.808974 0.495893 0.028385 0.019950
0 0.241289 0.718860 0.016502 0.031684
0 0.192772 0.764627 0.017162 0.022296
0 0.291787 0.679547 0.022443 0.023470
0 0.303009 0.717686 0.011882 0.031685
0 0.272314 0.758173 0.019143 0.021123
2 0.421166 0.402012 0.014522 0.022296
2 0.415225 0.433696 0.009241 0.015256
0 0.390142 0.172004 0.010561 0.015256
0 0.395422 0.180805 0.010561 0.016429
0 0.375949 0.183739 0.012542 0.015256
1 0.683555 0.165550 0.004620 0.014082
1 0.673654 0.158508 0.015182 0.011735
1 0.671674 0.170830 0.011224 0.012908
1 0.736693 0.305784 0.010562 0.022296
1 0.746266 0.326907 0.013865 0.015256
1 0.727451 0.310478 0.007922 0.019950
