2 0.195082 0.576865 0.031024 0.029338
1 0.412585 0.938306 0.022444 0.024648
1 0.449881 0.921877 0.015182 0.029338
0 0.433048 0.507628 0.013202 0.022296
0 0.407964 0.554568 0.033005 0.022297
0 0.446910 0.531098 0.014522 0.029338
0 0.361097 0.538139 0.013202 0.031685
0 0.513249 0.928919 0.020460 0.034033
0 0.545596 0.903688 0.029703 0.028164
0 0.556159 0.932440 0.020464 0.029342
1 0.348555 0.541660 0.014522 0.024644
1 0.445920 0.509388 0.013862 0.028165
1 0.496748 0.511148 0.016503 0.022296
1 0.607974 0.352725 0.030365 0.019949
1 0.581901 0.413747 0.012542 0.064544
1 0.606326 0.429002 0.011224 0.036379
1 0.633060 0.411987 0.011880 0.065717
1 0.680583 0.491785 0.005281 0.035206
1 0.608633 0.466555 0.033005 0.026991
