0 0.373309 0.662531 0.024423 0.019950
0 0.363077 0.686002 0.038286 0.026991
0 0.342945 0.673680 0.016503 0.030511
0 0.374299 0.809220 0.034326 0.031684
0 0.452521 0.778122 0.004621 0.079799
0 0.393772 0.731769 0.013862 0.062196
0 0.363077 0.736463 0.025084 0.078625
0 0.290136 0.862615 0.015182 0.091533
0 0.338654 0.759346 0.007921 0.070410
0 0.447240 0.482397 0.009902 0.014081
2 0.906010 0.688935 0.033667 0.025817
0 0.454831 0.452473 0.006601 0.010562
0 0.822836 0.623219 0.015182 0.016430
0 0.834060 0.602096 0.011224 0.021123
0 0.561438 0.974685 0.017823 0.022296
0 0.486516 0.971162 0.018483 0.026991
1 0.643620 0.441911 0.005281 0.010561
1 0.629758 0.437217 0.015839 0.008214
1 0.628107 0.450713 0.016505 0.014082
