0 0.312250 0.567477 0.022443 0.015256
0 0.300698 0.561609 0.011222 0.019950
0 0.315880 0.648449 0.023104 0.022296
0 0.267693 0.688349 0.005941 0.017603
0 0.310599 0.624392 0.008581 0.016429
0 0.294427 0.612070 0.007921 0.048114
2 0.399713 0.453646 0.005941 0.017602
2 0.376609 0.467142 0.019143 0.018776
2 0.396743 0.563369 0.013202 0.016430
2 0.406314 0.573931 0.008581 0.011735
2 0.377930 0.585666 0.009901 0.016429
2 0.335683 0.375021 0.007261 0.015256
2 0.710292 0.636127 0.015844 0.016429
1 0.631409 0.376781 0.013859 0.018776
1 0.609625 0.372088 0.019146 0.014082
1 0.605995 0.388517 0.019802 0.018776
1 0.401033 0.504107 0.017822 0.015256
1 0.394762 0.519950 0.011882 0.016429
