1 0.775641 0.252389 0.006604 0.018777
0 0.232048 0.808046 0.032345 0.015256
0 0.232378 0.838558 0.030365 0.043419
0 0.209604 0.836211 0.013862 0.045768
0 0.274294 0.847359 0.021783 0.039899
0 0.243599 0.870243 0.010561 0.034031
0 0.236008 0.886672 0.012542 0.031684
0 0.211915 0.933023 0.013202 0.065713
0 0.584870 0.592120 0.019802 0.019950
0 0.413575 0.365046 0.009902 0.007041
0 0.422156 0.368567 0.004621 0.009388
0 0.412915 0.372674 0.008581 0.010561
0 0.552198 0.335709 0.007260 0.009388
0 0.542953 0.336295 0.007260 0.010561
0 0.447240 0.431937 0.008581 0.014082
0 0.444930 0.443672 0.010561 0.014082
0 0.429417 0.443085 0.008582 0.015256
0 0.434038 0.487091 0.013862 0.014082
1 0.846932 0.298156 0.005281 0.009388
1 0.840000 0.295809 0.011219 0.009388
1 0.838677 0.302263 0.007260 0.010562
