0 0.373639 0.753478 0.022444 0.093881
0 0.325452 0.754652 0.011882 0.093881
0 0.274624 0.800419 0.014522 0.117351
0 0.886536 0.669572 0.039604 0.029337
0 0.331723 0.664878 0.032345 0.029338
0 0.319181 0.697150 0.046867 0.042246
0 0.296407 0.676026 0.026404 0.056329
0 0.357797 0.423135 0.005281 0.012909
0 0.446250 0.416094 0.013202 0.015256
0 0.450541 0.427242 0.013862 0.014082
0 0.430738 0.423135 0.013862 0.015256
1 0.638669 0.356245 0.007266 0.015256
1 0.623156 0.353312 0.017167 0.009388
1 0.621836 0.366220 0.014526 0.014082
