1 0.839339 0.152641 0.017823 0.091533
1 0.806664 0.154988 0.007922 0.077452
1 0.772341 0.154401 0.017161 0.090360
1 0.332383 0.312238 0.031025 0.023470
0 0.739995 0.742330 0.026406 0.026991
0 0.322482 0.651970 0.016503 0.024644
0 0.275284 0.631433 0.025084 0.023470
0 0.276604 0.663705 0.022443 0.024644
0 0.270003 0.761693 0.021123 0.028164
0 0.223796 0.755238 0.017162 0.031684
0 0.212575 0.770494 0.017163 0.029338
0 0.167028 0.788097 0.036965 0.029338
1 0.812604 0.781056 0.019802 0.031685
1 0.654510 0.875524 0.019146 0.025818
1 0.664414 0.917183 0.024422 0.029338
2 0.587513 0.529338 0.011880 0.025818
2 0.547573 0.534619 0.017823 0.026991
1 0.502359 0.700670 0.014522 0.030511
1 0.446910 0.715926 0.022443 0.030511
