0 0.074944 0.691869 0.024423 0.017603
1 0.274954 0.595055 0.008581 0.018776
1 0.258782 0.591534 0.017162 0.014082
1 0.255481 0.605029 0.013202 0.015256
1 0.925482 0.527578 0.011880 0.015256
1 0.933073 0.546940 0.013865 0.014082
1 0.759466 0.536379 0.013859 0.016430
1 0.732404 0.525817 0.009901 0.014082
2 0.828120 0.756999 0.012542 0.018776
2 0.798745 0.754652 0.014521 0.018776
1 0.477274 0.492372 0.017162 0.015256
1 0.460442 0.480637 0.011222 0.015256
1 0.455161 0.493546 0.011222 0.017603
