1 0.650880 0.349791 0.030365 0.018776
1 0.676625 0.409640 0.011885 0.068063
1 0.626128 0.411987 0.009901 0.068064
1 0.652531 0.461861 0.032344 0.022296
0 0.889836 0.548114 0.031682 0.018776
0 0.893466 0.575691 0.034984 0.024644
0 0.850562 0.561609 0.012542 0.026991
0 0.349545 0.526404 0.021783 0.022297
0 0.383871 0.523470 0.012542 0.025817
2 0.209934 0.554568 0.034325 0.024644
1 0.272974 0.912489 0.016503 0.029337
1 0.233368 0.923639 0.021783 0.028167
2 0.232048 0.564543 0.013862 0.018777
2 0.216535 0.600335 0.018483 0.026991
2 0.180890 0.591534 0.009241 0.028164
0 0.802044 0.463621 0.021120 0.025817
0 0.765406 0.463621 0.012542 0.025817
0 0.338984 0.794551 0.007261 0.028164
0 0.294427 0.815675 0.022444 0.025818
