0 0.253171 0.722967 0.027064 0.018776
2 0.237328 0.714166 0.011221 0.015256
0 0.253171 0.782229 0.011222 0.019949
0 0.234358 0.772254 0.009241 0.056329
0 0.205314 0.854987 0.006601 0.017603
0 0.257792 0.809220 0.028384 0.024644
2 0.637018 0.768734 0.022443 0.016429
2 0.365058 0.589187 0.010561 0.021123
2 0.330733 0.593881 0.011882 0.021123
0 0.435689 0.488265 0.013202 0.016430
0 0.422816 0.504694 0.016503 0.018777
0 0.443940 0.498826 0.007261 0.018777
2 0.359117 0.671919 0.014522 0.019950
2 0.349545 0.705951 0.011222 0.019950
2 0.914919 0.634367 0.013203 0.022297
0 0.945617 0.639061 0.020464 0.019950
1 0.803034 0.772255 0.009901 0.023470
1 0.778279 0.786337 0.018484 0.021123
1 0.758477 0.454820 0.017161 0.019949
1 0.730091 0.447192 0.022443 0.021123
