1 0.869042 0.390863 0.017823 0.014082
0 0.214555 0.417854 0.009241 0.014082
0 0.221156 0.426069 0.009241 0.011735
0 0.202013 0.421962 0.015842 0.015256
0 0.107289 0.689522 0.017822 0.017603
2 0.095737 0.521123 0.009242 0.016430
0 0.089136 0.512322 0.009241 0.012908
0 0.077254 0.524644 0.014522 0.014082
0 0.110259 0.835038 0.010561 0.017603
0 0.100688 0.853227 0.015182 0.016430
0 0.062402 0.708298 0.013862 0.017602
1 0.801055 0.514082 0.009901 0.014082
1 0.810297 0.526404 0.012542 0.012908
1 0.794453 0.523470 0.007260 0.016430
