1 0.746594 0.283488 0.025083 0.017603
1 0.912281 0.207796 0.014521 0.072758
1 0.886865 0.208969 0.007260 0.061022
1 0.880266 0.210143 0.005937 0.049288
1 0.861453 0.207796 0.014521 0.068064
1 0.528102 0.553981 0.011880 0.018776
1 0.540646 0.578625 0.019802 0.021123
1 0.567708 0.691282 0.018479 0.023470
1 0.607643 0.681894 0.009901 0.023470
1 0.407634 0.955319 0.019143 0.023472
1 0.397733 0.975273 0.019143 0.023472
1 0.438329 0.975269 0.029044 0.018778
0 0.420506 0.623806 0.018483 0.019950
0 0.373969 0.630846 0.015182 0.019950
