1 0.561107 0.379129 0.017161 0.011735
1 0.593122 0.461274 0.004620 0.014081
1 0.573318 0.411987 0.007260 0.035206
1 0.563086 0.421375 0.007922 0.011735
1 0.522492 0.451886 0.004621 0.014081
1 0.558466 0.437804 0.017161 0.014082
1 0.277924 0.687175 0.009242 0.015256
1 0.246900 0.691869 0.010561 0.017603
2 0.266703 0.460100 0.011882 0.014082
2 0.747586 0.768147 0.009901 0.015256
2 0.727781 0.753478 0.016500 0.014082
2 0.721841 0.769320 0.011224 0.015256
2 0.288816 0.922464 0.013862 0.018776
2 0.367368 0.643755 0.007261 0.012908
2 0.341294 0.628500 0.009242 0.012908
2 0.345915 0.648449 0.010562 0.015256
0 0.661773 0.627913 0.013859 0.016429
0 0.440309 0.617351 0.011882 0.021123
0 0.420506 0.610310 0.019803 0.011735
0 0.418856 0.627913 0.020463 0.016429
