0 0.444930 0.609137 0.014522 0.016429
0 0.298058 0.708885 0.017822 0.021123
0 0.266043 0.711819 0.017162 0.019950
0 0.082205 0.689522 0.013862 0.019950
0 0.091447 0.703017 0.009902 0.016429
0 0.069333 0.701844 0.014522 0.016429
1 0.561107 0.903687 0.022443 0.018777
1 0.534372 0.893713 0.015182 0.024644
1 0.891156 0.553395 0.019802 0.012908
1 0.889508 0.569824 0.013859 0.015256
1 0.849570 0.641995 0.013203 0.016429
1 0.835708 0.661357 0.017167 0.015256
1 0.707979 0.709472 0.013865 0.022297
0 0.287496 0.375021 0.011221 0.015256
0 0.293107 0.389103 0.010561 0.015256
0 0.274954 0.383823 0.011222 0.016429
