0 0.303008 0.624979 0.021123 0.019950
0 0.144584 0.643755 0.014522 0.057503
0 0.123131 0.633780 0.005941 0.028164
0 0.118180 0.655490 0.006601 0.034032
0 0.102668 0.637301 0.009902 0.037552
2 0.242939 0.676026 0.013202 0.016429
2 0.220496 0.669572 0.009242 0.019950
1 0.437669 0.640235 0.010561 0.017603
1 0.419846 0.630260 0.017162 0.014082
1 0.414895 0.645515 0.012542 0.014082
1 0.703029 0.661944 0.011880 0.014081
1 0.674315 0.659597 0.011224 0.016430
1 0.573979 0.866135 0.009906 0.030511
0 0.562755 0.640234 0.012542 0.015256
0 0.543615 0.633194 0.017823 0.015256
0 0.538995 0.649623 0.013865 0.017603
0 0.457472 0.853813 0.014522 0.022297
0 0.466383 0.863202 0.011221 0.015256
0 0.625466 0.541073 0.019141 0.014082
0 0.602034 0.533445 0.013203 0.017603
0 0.596753 0.548114 0.011880 0.021123
0 0.583549 0.575692 0.013203 0.015256
0 0.551536 0.574518 0.012542 0.019949
