0 0.572331 0.539312 0.013203 0.024644
0 0.600714 0.555155 0.019802 0.016429
0 0.401693 0.659598 0.021783 0.014082
0 0.405984 0.674853 0.015843 0.016429
0 0.386181 0.672506 0.010562 0.018777
1 0.277925 0.725901 0.011882 0.022296
1 0.640320 0.456580 0.011880 0.021123
1 0.662763 0.449539 0.009245 0.016430
1 0.419516 0.735876 0.013862 0.023470
1 0.391792 0.731181 0.013862 0.023470
1 0.408954 0.643169 0.009902 0.018776
1 0.440309 0.648449 0.014522 0.019950
0 0.394432 0.532858 0.023104 0.018776
0 0.132703 0.538726 0.009242 0.035206
0 0.152506 0.532271 0.009242 0.026991
0 0.174619 0.545767 0.017822 0.056329
0 0.148875 0.554569 0.005941 0.034031
