1 0.597742 0.335122 0.005943 0.017603
0 0.336673 0.943588 0.029045 0.042249
1 0.598073 0.427829 0.007917 0.010562
1 0.712271 0.506454 0.010562 0.010562
1 0.823826 0.582732 0.011880 0.012909
1 0.817555 0.591534 0.009901 0.011734
1 0.835378 0.596814 0.011224 0.012908
1 0.698078 0.572757 0.008583 0.011735
1 0.713260 0.575691 0.007260 0.010562
2 0.697417 0.557502 0.007260 0.007041
0 0.267693 0.482984 0.007261 0.010561
0 0.262082 0.488852 0.009242 0.010561
0 0.336673 0.559849 0.010561 0.014081
0 0.405984 0.700670 0.011882 0.018776
0 0.400703 0.717100 0.013202 0.014082
0 0.381560 0.722967 0.007921 0.016429
