0 0.270993 0.755238 0.031024 0.071584
0 0.230727 0.775775 0.020463 0.075105
0 0.185511 0.833863 0.011882 0.095055
0 0.493777 0.593294 0.026404 0.024644
0 0.225777 0.698323 0.034325 0.016430
0 0.219176 0.732942 0.040927 0.045767
0 0.194422 0.724141 0.019143 0.049287
1 0.920534 0.258844 0.009901 0.022296
2 0.747914 0.299330 0.006599 0.007041
2 0.742305 0.292875 0.007266 0.008214
2 0.739664 0.296982 0.005943 0.007041
0 0.313900 0.412573 0.013862 0.015256
0 0.318851 0.421375 0.010562 0.018776
0 0.301358 0.422549 0.011221 0.014082
0 0.363077 0.433697 0.007921 0.012908
0 0.354826 0.443085 0.011222 0.010562
0 0.582232 0.424308 0.007922 0.015256
0 0.559786 0.424895 0.009240 0.014081
1 0.702370 0.344510 0.009240 0.008215
1 0.693458 0.343337 0.007260 0.010562
1 0.704680 0.350377 0.008578 0.012908
1 0.916901 0.346270 0.010562 0.011735
1 0.902708 0.338642 0.012542 0.012908
1 0.899409 0.343923 0.009901 0.009389
1 0.738674 0.827996 0.031682 0.026991
1 0.724482 0.873763 0.019141 0.038726
1 0.767388 0.924224 0.021786 0.024644
