0 0.290796 0.409639 0.034985 0.021123
0 0.266373 0.438391 0.012542 0.052807
0 0.290797 0.447192 0.031024 0.046940
0 0.327102 0.461861 0.020463 0.050461
0 0.304659 0.498240 0.012542 0.022296
0 0.280565 0.516429 0.018483 0.051634
0 0.271654 0.651383 0.007261 0.014082
0 0.323802 0.539899 0.031025 0.042246
2 0.565070 0.296396 0.027724 0.019949
1 0.345915 0.265298 0.009241 0.023470
1 0.326442 0.277033 0.021783 0.016429
1 0.328752 0.299330 0.015842 0.018776
2 0.314560 0.005952 0.012542 0.011735
2 0.297067 0.005365 0.007921 0.010562
2 0.575630 0.766974 0.014521 0.038725
2 0.646260 0.810980 0.022448 0.028164
