1 0.911289 0.389690 0.016505 0.011735
1 0.813927 0.529338 0.009240 0.021123
1 0.796432 0.526404 0.016500 0.012908
1 0.795443 0.540486 0.017167 0.012909
0 0.216865 0.413160 0.012542 0.014081
0 0.221486 0.421962 0.011222 0.015256
0 0.202673 0.417268 0.014522 0.015256
0 0.065042 0.835038 0.012542 0.017603
0 0.072303 0.847359 0.009902 0.018776
0 0.051510 0.851467 0.013202 0.015256
0 0.085836 0.524057 0.007921 0.015256
0 0.078904 0.516429 0.009902 0.014082
0 0.068673 0.528751 0.014522 0.015256
1 0.850891 0.612070 0.010562 0.015256
1 0.832737 0.605616 0.009901 0.014082
1 0.727122 0.676026 0.011224 0.016429
