1 0.457472 0.562196 0.015842 0.014082
1 0.607315 0.526991 0.006599 0.023470
1 0.618867 0.522883 0.009901 0.038726
1 0.590151 0.519363 0.010562 0.038726
0 0.492457 0.552808 0.011882 0.014082
0 0.341954 0.779295 0.014522 0.016430
0 0.388161 0.572758 0.010562 0.014082
1 0.749565 0.881978 0.015182 0.022296
1 0.775969 0.890192 0.016500 0.019949
1 0.414235 0.579799 0.009902 0.016429
1 0.433048 0.582146 0.007921 0.014082
1 0.237659 0.918356 0.009241 0.017602
1 0.230067 0.934785 0.013862 0.019948
0 0.372319 0.569237 0.009242 0.016430
1 0.709630 0.833863 0.013198 0.017603
