0 0.207954 0.873176 0.011882 0.037553
0 0.153166 0.971750 0.027724 0.032852
2 0.170328 0.765213 0.014522 0.030512
2 0.129732 0.779882 0.028384 0.019950
2 0.128742 0.810980 0.017162 0.021123
2 0.106629 0.556329 0.021783 0.023470
2 0.647581 0.517016 0.019807 0.015256
2 0.217855 0.681894 0.010562 0.023470
2 0.202013 0.674266 0.015842 0.034032
2 0.185180 0.721793 0.016503 0.021123
1 0.573318 0.421962 0.008583 0.015256
1 0.557807 0.413747 0.013198 0.017603
1 0.553516 0.427829 0.011219 0.015256
1 0.733393 0.079297 0.005276 0.017603
1 0.727784 0.174350 0.005943 0.005868
1 0.714250 0.170244 0.006604 0.009389
1 0.975979 0.192540 0.008583 0.009388
