0 0.248880 0.676026 0.017162 0.014082
1 0.885216 0.704191 0.017161 0.021123
1 0.841979 0.735875 0.013865 0.016429
1 0.821187 0.733529 0.014521 0.016430
1 0.844951 0.571584 0.018484 0.011735
1 0.842641 0.583319 0.013865 0.009388
1 0.895448 0.456580 0.019146 0.016429
0 0.863102 0.657250 0.009901 0.016429
0 0.837357 0.657838 0.015182 0.017603
0 0.503349 0.479463 0.012542 0.010562
0 0.407634 0.696563 0.013862 0.010561
0 0.394432 0.690109 0.009902 0.014082
0 0.087816 0.553394 0.015842 0.015256
0 0.072303 0.547527 0.009902 0.017603
2 0.074614 0.714165 0.013202 0.017603
2 0.056131 0.710058 0.010562 0.016430
