1 0.946935 0.402599 0.019141 0.014082
0 0.021146 0.697737 0.022443 0.017603
1 0.928781 0.527578 0.009240 0.015256
1 0.937695 0.538726 0.013859 0.016430
1 0.792471 0.549287 0.008578 0.021123
1 0.785542 0.559849 0.006604 0.021123
1 0.804685 0.563369 0.018484 0.016430
1 0.722833 0.702431 0.010562 0.022296
1 0.746596 0.717686 0.013203 0.015256
1 0.541305 0.848532 0.010557 0.018776
1 0.561107 0.860855 0.014526 0.015256
0 0.394102 0.736463 0.011882 0.017603
0 0.368688 0.734115 0.009902 0.019949
0 0.311259 0.763453 0.015182 0.019949
0 0.334363 0.768147 0.019143 0.019950
0 0.287496 0.856747 0.012542 0.018776
0 0.267363 0.861441 0.014522 0.021123
0 0.171979 0.676026 0.013862 0.016429
0 0.030717 0.603269 0.011222 0.018777
0 0.010254 0.604442 0.012542 0.014082
