1 0.872344 0.071669 0.017823 0.070411
1 0.847591 0.072842 0.007922 0.063369
1 0.840990 0.069322 0.006604 0.035205
1 0.821187 0.072256 0.014521 0.073931
1 0.784880 0.170831 0.023760 0.022296
1 0.405984 0.809807 0.014522 0.021123
1 0.391462 0.835038 0.023764 0.024644
1 0.221156 0.307544 0.027724 0.016430
1 0.217855 0.330428 0.019803 0.022296
1 0.244260 0.315172 0.011882 0.022296
1 0.722503 0.761106 0.020464 0.022297
1 0.746924 0.788684 0.019141 0.025818
1 0.710620 0.785163 0.012542 0.023470
1 0.375619 0.546354 0.019803 0.024644
1 0.334363 0.542246 0.009902 0.023470
2 0.576292 0.765800 0.010562 0.031685
2 0.514900 0.751718 0.013201 0.022297
2 0.535695 0.778709 0.029703 0.024644
1 0.557146 0.452473 0.026406 0.022297
1 0.531732 0.436631 0.013859 0.018776
1 0.520182 0.454820 0.014522 0.024644
