1 0.666393 0.299917 0.009901 0.010561
1 0.752536 0.532271 0.010562 0.015256
1 0.832740 0.487091 0.007260 0.009388
1 0.821846 0.479463 0.011880 0.010562
1 0.816237 0.488265 0.009901 0.011735
1 0.762768 0.441324 0.013859 0.011735
1 0.763427 0.450713 0.013865 0.009388
1 0.726464 0.323387 0.012542 0.005868
1 0.725471 0.330428 0.006599 0.008215
0 0.482885 0.651383 0.012542 0.016429
0 0.482226 0.672506 0.012542 0.014082
0 0.459122 0.673093 0.011222 0.017603
0 0.424137 0.627326 0.011221 0.019950
0 0.392782 0.631433 0.009241 0.018776
0 0.292117 0.593881 0.013862 0.018776
0 0.289146 0.618525 0.014522 0.021123
0 0.263072 0.622632 0.011222 0.017603
0 0.239969 0.482397 0.016503 0.011735
1 0.650549 0.285835 0.005943 0.017603
