1 0.908320 0.414333 0.015839 0.011735
2 0.655172 0.436044 0.008583 0.010561
2 0.808646 0.544594 0.009240 0.014081
2 0.792471 0.546354 0.009901 0.012909
1 0.392452 0.505281 0.007261 0.015256
1 0.379580 0.514082 0.011882 0.011735
1 0.908320 0.538139 0.011880 0.015256
1 0.897427 0.529925 0.008583 0.022297
1 0.821846 0.626152 0.010557 0.017603
1 0.809305 0.640235 0.018484 0.017603
1 0.729432 0.691282 0.010563 0.016430
1 0.703690 0.703604 0.011880 0.012908
0 0.069663 0.709472 0.019143 0.012908
0 0.192772 0.606789 0.010561 0.016429
0 0.217526 0.606203 0.011222 0.015256
0 0.184851 0.671919 0.009242 0.019950
0 0.168018 0.677200 0.011221 0.011735
