0 0.259112 0.491199 0.012542 0.017603
0 0.252511 0.544006 0.009902 0.043420
0 0.267363 0.536379 0.014522 0.058676
0 0.319181 0.568650 0.007261 0.057502
0 0.227427 0.590360 0.011222 0.061022
0 0.272314 0.576278 0.021783 0.023469
0 0.528761 0.653730 0.019801 0.016429
0 0.556159 0.661357 0.009901 0.019950
0 0.527111 0.674266 0.023101 0.017603
2 0.531073 0.761106 0.008583 0.019949
1 0.501698 0.768147 0.013202 0.022296
1 0.346245 0.697150 0.015182 0.021123
1 0.319511 0.686001 0.011882 0.024644
2 0.519191 0.529338 0.015181 0.014082
