2 0.434698 0.453646 0.013862 0.017602
1 0.704349 0.365046 0.018479 0.014081
1 0.704680 0.393797 0.005943 0.041072
1 0.717549 0.399078 0.007922 0.037553
1 0.737354 0.430763 0.007917 0.051635
1 0.662760 0.419028 0.005281 0.049287
1 0.701708 0.428416 0.018479 0.016430
0 0.370009 0.832690 0.023104 0.022297
2 0.398723 0.818608 0.013202 0.022296
0 0.496088 0.720620 0.015182 0.021123
0 0.630750 0.414921 0.012542 0.017603
1 0.530742 0.542833 0.017161 0.017603
1 0.551206 0.546354 0.009245 0.022296
1 0.527111 0.559849 0.019142 0.021123
1 0.473314 0.591534 0.011882 0.021123
1 0.335683 0.850880 0.021783 0.018776
1 0.335023 0.869656 0.013862 0.021123
1 0.239309 0.491785 0.008581 0.018776
1 0.246900 0.504694 0.014522 0.016429
