0 0.100028 0.609136 0.016503 0.065717
0 0.074944 0.597988 0.007261 0.036379
0 0.071314 0.622632 0.006601 0.045768
0 0.053491 0.603269 0.007921 0.042246
0 0.296077 0.592707 0.025744 0.021123
0 0.588831 0.589187 0.023766 0.014082
0 0.588831 0.607963 0.026401 0.016430
1 0.688508 0.523470 0.017161 0.018776
1 0.664083 0.518776 0.017167 0.016429
1 0.658143 0.535205 0.018484 0.016429
1 0.437009 0.397318 0.014522 0.017603
1 0.414235 0.392037 0.009902 0.018776
1 0.647250 0.496480 0.013865 0.011735
1 0.629758 0.479463 0.017161 0.017603
1 0.622497 0.495893 0.013203 0.017603
1 0.536023 0.618525 0.015839 0.018777
1 0.796763 0.779295 0.014526 0.023470
1 0.813927 0.797485 0.015844 0.015256
1 0.786203 0.795138 0.015844 0.017603
0 0.460112 0.707712 0.014522 0.021123
0 0.972021 0.545767 0.017823 0.016429
