1 0.860794 0.417854 0.018484 0.014082
0 0.008604 0.708298 0.019803 0.017602
0 0.168348 0.696563 0.011882 0.017602
0 0.294097 0.843838 0.009902 0.016429
0 0.290466 0.860855 0.014522 0.015256
0 0.071313 0.649622 0.015842 0.015256
0 0.077584 0.660771 0.009901 0.016429
0 0.058111 0.661358 0.011882 0.017603
0 0.243269 0.615004 0.012542 0.018776
0 0.220496 0.610310 0.010561 0.016430
0 0.201023 0.722380 0.013862 0.017603
0 0.206304 0.737050 0.012542 0.021123
0 0.184190 0.732942 0.015842 0.022296
1 0.799404 0.586840 0.017161 0.016430
1 0.784552 0.573344 0.008583 0.015256
1 0.777951 0.581559 0.008578 0.017603
2 0.694776 0.499413 0.008583 0.010562
1 0.683555 0.507628 0.009901 0.012909
2 0.454171 0.782230 0.009241 0.015256
1 0.583549 0.870243 0.013203 0.015256
1 0.573318 0.855574 0.008583 0.016429
1 0.760456 0.755239 0.013203 0.015256
