0 0.494437 0.589187 0.023764 0.030511
0 0.472654 0.598575 0.017162 0.039900
0 0.488496 0.615004 0.030365 0.030511
0 0.495427 0.709472 0.029705 0.024644
0 0.511270 0.648449 0.009901 0.045767
0 0.486516 0.651383 0.011882 0.044594
0 0.466383 0.666052 0.008581 0.055156
0 0.430738 0.754065 0.008581 0.038726
2 0.769370 0.637301 0.027063 0.018776
1 0.507639 0.374434 0.017162 0.011735
1 0.504999 0.386756 0.015843 0.012908
0 0.485196 0.506454 0.009242 0.024644
0 0.477275 0.516429 0.007921 0.023469
0 0.499388 0.525817 0.013862 0.016429
0 0.521172 0.425482 0.019145 0.012908
0 0.520512 0.441911 0.020465 0.012909
0 0.428427 0.588600 0.017163 0.017602
0 0.369348 0.691869 0.017823 0.012908
0 0.382220 0.724727 0.009242 0.031684
0 0.356807 0.762280 0.019143 0.019950
1 0.611273 0.639061 0.017161 0.017603
0 0.794781 0.326320 0.009240 0.016430
0 0.786531 0.338642 0.013865 0.017603
0 0.767388 0.327494 0.008578 0.018777
1 0.350866 0.646689 0.016502 0.023470
1 0.323141 0.636127 0.013862 0.028164
