0 0.473314 0.630846 0.026404 0.019950
0 0.181550 0.620872 0.007921 0.025818
0 0.205314 0.636714 0.018483 0.064543
0 0.159437 0.628499 0.011221 0.038726
0 0.220826 0.618525 0.021783 0.021123
0 0.226437 0.639648 0.022443 0.023469
1 0.852211 0.508214 0.018484 0.016429
1 0.875974 0.517602 0.015844 0.021123
1 0.848250 0.529925 0.019802 0.022297
1 0.306309 0.799832 0.017163 0.019949
1 0.829109 0.615004 0.014521 0.016429
1 0.847260 0.632606 0.016500 0.018776
1 0.820526 0.630846 0.009240 0.019950
0 0.585859 0.693629 0.017823 0.018777
0 0.555167 0.685415 0.011885 0.023470
0 0.718872 0.549288 0.022443 0.014082
0 0.717880 0.567477 0.016500 0.017602
0 0.765409 0.606789 0.013859 0.021123
0 0.781250 0.627913 0.017823 0.021123
0 0.596424 0.832103 0.015182 0.025818
0 0.558466 0.853813 0.013203 0.024644
0 0.177919 0.651383 0.008581 0.028164
