0 0.318521 0.615591 0.021783 0.019950
0 0.057121 0.626739 0.016502 0.058676
0 0.034678 0.615591 0.005941 0.029337
0 0.030387 0.638474 0.007921 0.037552
0 0.013225 0.621458 0.009241 0.038726
0 0.541966 0.332188 0.017161 0.014081
0 0.543286 0.346856 0.019802 0.015256
0 0.524471 0.329841 0.009901 0.018776
0 0.139964 0.426069 0.011882 0.014082
0 0.136993 0.444258 0.012542 0.017603
0 0.115210 0.443671 0.011222 0.016430
0 0.168348 0.562783 0.009241 0.022297
0 0.150195 0.563369 0.020464 0.016430
0 0.150195 0.585080 0.017823 0.019950
0 0.347235 0.833277 0.017162 0.021123
0 0.521502 0.573931 0.007923 0.021123
1 0.396083 0.662531 0.011882 0.019950
1 0.364398 0.658424 0.013202 0.018776
1 0.628437 0.598575 0.010562 0.016430
1 0.621505 0.613831 0.012542 0.016430
1 0.599063 0.611483 0.008583 0.018776
1 0.279575 0.832690 0.017822 0.017603
1 0.263402 0.839144 0.009241 0.016430
1 0.500378 0.614417 0.010561 0.022297
1 0.476615 0.607963 0.018482 0.016430
1 0.473314 0.623805 0.018483 0.017603
