1 0.846930 0.402599 0.017161 0.014082
1 0.792143 0.530511 0.007922 0.016430
1 0.806333 0.546940 0.017823 0.014082
1 0.786531 0.541073 0.007260 0.021123
1 0.533383 0.544594 0.011880 0.011735
1 0.528763 0.738810 0.006599 0.017603
1 0.511270 0.742917 0.011222 0.014081
1 0.459122 0.736462 0.008581 0.015256
1 0.450210 0.751718 0.010561 0.012908
0 0.377270 0.710058 0.011221 0.014081
0 0.347895 0.705951 0.009241 0.019950
0 0.240959 0.515256 0.015842 0.011735
0 0.242939 0.527578 0.011882 0.015256
2 0.228747 0.519363 0.008581 0.012909
0 0.173959 0.676613 0.013863 0.017603
0 0.178910 0.687762 0.011882 0.016429
