1 0.919872 0.661944 0.019141 0.011735
1 0.920531 0.676026 0.017823 0.014082
0 0.339644 0.404359 0.012542 0.010562
0 0.343604 0.413160 0.012542 0.014081
0 0.325452 0.406706 0.014522 0.015256
0 0.317861 0.605616 0.012542 0.014082
0 0.293767 0.600335 0.007921 0.019950
0 0.191451 0.484744 0.011882 0.016430
0 0.197063 0.492959 0.008581 0.021123
0 0.179570 0.495893 0.014522 0.015256
0 0.375619 0.569237 0.007921 0.014081
0 0.361757 0.577451 0.010561 0.014082
1 0.955849 0.558675 0.010562 0.014082
1 0.937695 0.549874 0.011224 0.015256
2 0.230727 0.622631 0.007261 0.015256
