0 0.145245 0.411400 0.009241 0.015256
0 0.193432 0.634367 0.011882 0.019950
0 0.160097 0.673679 0.019143 0.021123
1 0.546914 0.431936 0.015182 0.011735
1 0.547576 0.446605 0.013859 0.012908
1 0.530742 0.434283 0.007922 0.018776
1 0.424467 0.448952 0.010561 0.017603
1 0.401033 0.452473 0.008581 0.015256
1 0.438659 0.548700 0.009901 0.017603
1 0.961789 0.259430 0.007922 0.009388
1 0.759799 0.172004 0.007922 0.019950
0 0.557477 0.522297 0.019141 0.018777
0 0.184521 0.785750 0.013862 0.043420
0 0.208614 0.754652 0.034325 0.018776
0 0.208614 0.786336 0.034325 0.053981
0 0.193432 0.905448 0.007921 0.022297
0 0.263732 0.804526 0.008581 0.012909
1 0.453841 0.538726 0.013862 0.016430
