1 0.964758 0.404945 0.021786 0.018776
0 0.186501 0.634367 0.013862 0.019950
0 0.160427 0.647275 0.017163 0.019949
0 0.277265 0.764040 0.013202 0.021123
0 0.263733 0.522883 0.016503 0.015256
0 0.276934 0.529925 0.008581 0.019949
0 0.260102 0.537552 0.013202 0.014082
0 0.095737 0.610310 0.010561 0.018776
0 0.112240 0.613831 0.011882 0.016430
0 0.109269 0.597401 0.015182 0.018777
1 0.821516 0.565717 0.012542 0.016430
1 0.842969 0.560436 0.010563 0.015256
1 0.882576 0.681307 0.015839 0.017602
1 0.899078 0.691282 0.011885 0.016430
1 0.876635 0.693629 0.010562 0.016429
1 0.729763 0.734116 0.011224 0.015256
1 0.742964 0.748784 0.012542 0.014081
1 0.722831 0.745264 0.007922 0.016430
0 0.249540 0.759932 0.011882 0.019950
