1 0.818547 0.532858 0.018479 0.011735
1 0.818547 0.545767 0.019802 0.014082
1 0.799734 0.532858 0.007260 0.021123
1 0.864091 0.390863 0.017161 0.014082
0 0.205314 0.410813 0.010561 0.014082
0 0.211585 0.419028 0.009902 0.011735
0 0.192442 0.417268 0.016502 0.015256
0 0.451201 0.552221 0.012542 0.012909
0 0.158116 0.660184 0.013862 0.015256
0 0.163397 0.672506 0.009902 0.021123
0 0.145245 0.675440 0.013202 0.015256
0 0.066363 0.864375 0.009902 0.017602
0 0.058441 0.884325 0.013862 0.015256
1 0.847260 0.683655 0.012542 0.015256
1 0.827786 0.685415 0.010562 0.016430
