1 0.736362 0.675440 0.015182 0.015256
0 0.183530 0.608550 0.011882 0.064544
0 0.141944 0.600335 0.014522 0.052807
0 0.109269 0.622632 0.009902 0.064544
0 0.142274 0.566304 0.028384 0.015256
0 0.146895 0.637888 0.023103 0.019949
2 0.465723 0.597401 0.021783 0.018777
1 0.779930 0.654317 0.019141 0.015256
1 0.755505 0.648449 0.012542 0.019950
2 0.617216 0.698323 0.013203 0.016430
2 0.593453 0.698910 0.010562 0.022296
1 0.519192 0.626152 0.012543 0.017603
1 0.490477 0.625566 0.010561 0.018776
1 0.273634 0.768147 0.012542 0.022296
1 0.306309 0.783403 0.009242 0.017602
1 0.282875 0.792791 0.016503 0.015256
0 0.188811 0.345683 0.009241 0.015256
0 0.591802 0.519363 0.013865 0.015256
0 0.569029 0.511735 0.007922 0.018776
0 0.610615 0.607963 0.017167 0.018776
0 0.614576 0.588013 0.013203 0.018776
0 0.583221 0.608550 0.016505 0.017603
0 0.420836 0.664292 0.020463 0.011735
0 0.422157 0.684241 0.016503 0.018777
