1 0.816237 0.670746 0.016505 0.012908
1 0.909310 0.391450 0.017818 0.015256
0 0.201023 0.420201 0.013862 0.014082
0 0.205314 0.427242 0.011882 0.016429
0 0.185180 0.421962 0.013862 0.017603
0 0.431068 0.555155 0.013202 0.014082
0 0.052831 0.526991 0.010562 0.014081
0 0.041279 0.541659 0.013862 0.015256
0 0.085836 0.629673 0.014522 0.022296
0 0.072304 0.622045 0.015182 0.014082
0 0.069333 0.636714 0.011882 0.019950
1 0.809305 0.535792 0.009245 0.015256
1 0.816896 0.546940 0.012542 0.014082
1 0.689826 0.741743 0.011880 0.021123
1 0.705997 0.750544 0.009901 0.019950
