0 0.776299 0.424308 0.029047 0.031685
0 0.722172 0.404946 0.026406 0.032858
0 0.042599 0.387930 0.023104 0.106789
0 0.003653 0.382649 0.008581 0.091533
0 0.466713 0.578038 0.022444 0.024644
0 0.454831 0.603269 0.014522 0.030512
0 0.496417 0.605030 0.021123 0.026991
0 0.954526 0.553981 0.021125 0.021124
0 0.925482 0.529338 0.026401 0.028164
0 0.915250 0.555742 0.019146 0.022296
0 0.612596 0.150294 0.022443 0.018777
1 0.391792 0.745264 0.013862 0.030511
1 0.407634 0.768734 0.012542 0.028164
1 0.366048 0.777535 0.024424 0.024644
1 0.911289 0.615591 0.024422 0.034031
1 0.866732 0.599162 0.033005 0.024644
1 0.860133 0.630260 0.031682 0.030512
1 0.479915 0.306958 0.021123 0.029338
1 0.478265 0.346857 0.021783 0.029338
1 0.437669 0.362113 0.015843 0.024644
