0 0.260762 0.613244 0.010561 0.019950
0 0.409615 0.664878 0.011222 0.015256
0 0.417205 0.677200 0.007921 0.018776
0 0.397073 0.676026 0.012542 0.016429
0 0.572659 0.589774 0.015182 0.012908
0 0.595432 0.597988 0.014521 0.017603
0 0.566719 0.603856 0.013865 0.017603
1 0.508299 0.620872 0.007921 0.014082
1 0.500378 0.641408 0.011882 0.015256
1 0.558469 0.737636 0.010563 0.015256
1 0.539326 0.736463 0.013203 0.017603
0 0.126762 0.643169 0.015842 0.053981
0 0.106629 0.633194 0.005941 0.022296
0 0.102998 0.654317 0.007921 0.026991
0 0.088146 0.639061 0.007261 0.034031
