0 0.513250 0.408466 0.011222 0.011734
0 0.502689 0.396731 0.011222 0.011735
0 0.497078 0.406119 0.006601 0.014082
0 0.503348 0.708298 0.008581 0.019950
0 0.489817 0.710058 0.014522 0.011735
0 0.490147 0.724140 0.016503 0.014082
1 0.471004 0.423135 0.008581 0.010561
1 0.466713 0.437804 0.010561 0.014082
1 0.450211 0.437217 0.009241 0.017603
1 0.527772 0.680721 0.017821 0.014082
1 0.544276 0.686001 0.008583 0.022297
1 0.527773 0.699497 0.015183 0.014082
1 0.459122 0.755825 0.013862 0.025818
1 0.431398 0.766974 0.020463 0.017603
1 0.352846 0.668985 0.008581 0.018776
1 0.325452 0.671332 0.013202 0.016430
2 0.053161 0.584493 0.021783 0.016430
