1 0.847919 0.394971 0.009901 0.019949
0 0.061082 0.220118 0.013862 0.034031
1 0.991161 0.423135 0.013865 0.045767
1 0.976638 0.413747 0.015182 0.024644
1 0.957828 0.399078 0.023760 0.032858
0 0.256141 0.275273 0.005281 0.010562
2 0.260762 0.279380 0.005281 0.009388
0 0.250530 0.284074 0.007261 0.009389
0 0.047220 0.370914 0.011222 0.014081
0 0.036658 0.383236 0.009901 0.012908
0 0.054151 0.377955 0.009241 0.014082
0 0.332053 0.260017 0.007921 0.010562
1 0.563086 0.558089 0.007922 0.015256
1 0.541305 0.562782 0.010557 0.015256
1 0.656492 0.418441 0.008578 0.012908
1 0.645271 0.407880 0.012542 0.015256
1 0.641310 0.416681 0.008578 0.014082
1 0.728112 0.581559 0.007922 0.019950
1 0.708310 0.589774 0.013203 0.019949
1 0.807326 0.970579 0.011880 0.039898
