0 0.272974 0.611484 0.024424 0.021123
2 0.259442 0.600922 0.010561 0.014082
0 0.329412 0.708885 0.007921 0.025818
0 0.271654 0.660771 0.015182 0.037553
0 0.255481 0.656077 0.010561 0.051635
0 0.228087 0.727074 0.009902 0.034031
0 0.276604 0.693042 0.026404 0.024644
2 0.640651 0.654903 0.023104 0.016429
0 0.825807 0.574518 0.014521 0.022297
0 0.790490 0.570411 0.012542 0.023469
0 0.408294 0.393211 0.013862 0.014082
0 0.422817 0.407293 0.015182 0.018776
0 0.400373 0.407880 0.011222 0.019950
2 0.374959 0.562196 0.015842 0.021123
2 0.366378 0.596228 0.011882 0.018776
2 0.903039 0.538139 0.013203 0.022296
2 0.872346 0.546354 0.015182 0.022296
1 0.824159 0.659011 0.009901 0.022297
1 0.802703 0.673093 0.015844 0.022296
1 0.600383 0.436044 0.019141 0.022296
1 0.571008 0.436044 0.018484 0.022296
