2 0.257792 0.497066 0.012542 0.017603
1 0.579919 0.409640 0.020464 0.014081
1 0.593781 0.445432 0.007260 0.036379
1 0.538333 0.482397 0.005937 0.023470
1 0.581570 0.449539 0.006599 0.028165
1 0.578271 0.472423 0.019802 0.017603
1 0.614245 0.491785 0.005937 0.023470
1 0.639659 0.472423 0.013203 0.012908
1 0.634049 0.488851 0.009901 0.017603
1 0.365718 0.495306 0.013202 0.016429
1 0.517209 0.479464 0.012540 0.015256
1 0.655833 0.483571 0.012542 0.018777
0 0.333043 0.471836 0.013862 0.014082
0 0.329742 0.498826 0.016503 0.016429
0 0.474634 0.440738 0.011882 0.015256
0 0.469023 0.455994 0.009901 0.015256
0 0.491137 0.455994 0.013202 0.015256
0 0.348225 0.687762 0.009902 0.018777
0 0.377270 0.689522 0.012542 0.019950
0 0.619857 0.765800 0.011880 0.019950
0 0.633388 0.785750 0.015182 0.015256
0 0.609625 0.776948 0.008583 0.018776
