1 0.848250 0.253563 0.009240 0.037552
1 0.817555 0.251803 0.005943 0.031685
1 0.809964 0.245348 0.003958 0.028165
1 0.786201 0.254736 0.009245 0.037552
1 0.437999 0.358006 0.025744 0.018776
0 0.417866 0.375021 0.011882 0.022296
0 0.448230 0.374434 0.015843 0.018776
1 0.535034 0.619698 0.009901 0.023470
1 0.508299 0.626739 0.018483 0.021123
0 0.648240 0.949454 0.015844 0.028167
0 0.595102 0.957079 0.020464 0.026991
0 0.371659 0.765800 0.015842 0.024644
2 0.371989 0.741744 0.013862 0.011735
0 0.174619 0.656077 0.027064 0.021123
0 0.181220 0.679547 0.020463 0.023470
0 0.150195 0.669572 0.012542 0.024644
1 0.438659 0.840318 0.029704 0.018777
1 0.399383 0.857334 0.017162 0.024644
1 0.443940 0.866135 0.031025 0.023470
1 0.554836 0.735876 0.015182 0.023470
1 0.588503 0.746437 0.016505 0.023470
