1 0.437339 0.501760 0.016503 0.012909
1 0.678604 0.451300 0.009240 0.043419
1 0.662432 0.438391 0.003302 0.012909
1 0.665734 0.454233 0.003302 0.028164
1 0.647581 0.447779 0.010557 0.043420
1 0.613917 0.617351 0.015844 0.011735
1 0.615896 0.632020 0.011885 0.012908
1 0.600385 0.626153 0.007260 0.015256
1 0.770687 0.769321 0.008583 0.012908
1 0.766068 0.788684 0.012542 0.014082
1 0.744286 0.786337 0.008583 0.014082
1 0.481235 0.602095 0.010561 0.014081
1 0.466053 0.592121 0.006601 0.017603
1 0.403013 0.647276 0.009902 0.015256
1 0.386511 0.645515 0.016502 0.014082
1 0.385521 0.659597 0.015843 0.016430
1 0.098708 0.717100 0.012542 0.014082
0 0.583219 0.640821 0.007260 0.018776
0 0.574310 0.660771 0.014526 0.016429
0 0.259772 0.633780 0.008581 0.014082
0 0.239639 0.643168 0.018483 0.016429
0 0.283205 0.660184 0.007921 0.015256
0 0.273964 0.681307 0.013202 0.015256
