1 0.930763 0.384409 0.013203 0.017602
0 0.056791 0.656077 0.018483 0.016430
2 0.653521 0.409639 0.010563 0.009388
2 0.789831 0.517603 0.011224 0.014081
2 0.806333 0.517016 0.008583 0.015256
1 0.752536 0.528751 0.015844 0.010561
1 0.743294 0.512322 0.007922 0.019949
1 0.784221 0.635541 0.007922 0.015256
1 0.770359 0.633781 0.014521 0.011735
1 0.768708 0.645515 0.011219 0.014082
1 0.703029 0.676613 0.015839 0.012908
1 0.543284 0.806873 0.006599 0.019950
1 0.551867 0.819782 0.011880 0.017603
1 0.568698 0.816261 0.007260 0.017602
0 0.174619 0.643168 0.017822 0.014082
0 0.178579 0.654903 0.009902 0.016429
0 0.160427 0.650796 0.011882 0.012908
0 0.192112 0.583906 0.011882 0.012908
0 0.169338 0.581559 0.011221 0.015256
