1 0.417536 0.455406 0.011221 0.014081
1 0.733062 0.431350 0.008583 0.045768
1 0.716891 0.426069 0.003958 0.035206
1 0.721180 0.432523 0.004620 0.031685
1 0.702039 0.424895 0.009901 0.042246
1 0.457802 0.636127 0.011221 0.014082
1 0.429417 0.617351 0.008582 0.009388
1 0.436018 0.634367 0.016503 0.015256
1 0.144254 0.742330 0.013862 0.017603
1 0.525130 0.572171 0.007260 0.012908
1 0.509290 0.576278 0.011222 0.014082
1 0.559458 0.587427 0.008583 0.015256
1 0.570680 0.599162 0.011224 0.015256
1 0.225117 0.623806 0.009242 0.015256
0 0.468363 0.586840 0.007261 0.011735
0 0.449880 0.592121 0.011221 0.017603
0 0.517871 0.485918 0.008581 0.011735
0 0.496747 0.471836 0.008581 0.009388
0 0.499388 0.490025 0.011222 0.015256
