1 0.011244 0.064628 0.025084 0.025817
1 0.886867 0.441325 0.013859 0.028164
1 0.859141 0.429003 0.033667 0.022296
1 0.852542 0.454820 0.021781 0.024644
1 0.505989 0.692456 0.024424 0.025817
1 0.463742 0.703604 0.020463 0.026991
1 0.455822 0.634367 0.027064 0.024644
1 0.454831 0.664292 0.019803 0.023470
1 0.424797 0.651383 0.012542 0.028164
0 0.376940 0.826823 0.026404 0.029338
0 0.365718 0.853813 0.017162 0.022297
0 0.415885 0.836211 0.019803 0.024644
2 0.365718 0.081057 0.018483 0.023470
2 0.328092 0.073429 0.018483 0.015256
2 0.025436 0.721794 0.027064 0.028165
