1 0.807654 0.360352 0.013859 0.014082
0 0.184190 0.410226 0.009241 0.012908
0 0.174289 0.417854 0.017162 0.018777
0 0.160757 0.660771 0.020463 0.014082
0 0.163067 0.675440 0.014522 0.015256
0 0.040289 0.516429 0.011882 0.014082
0 0.030717 0.530512 0.013862 0.014082
0 0.074614 0.874937 0.010561 0.019949
0 0.064382 0.894300 0.017823 0.016429
0 0.152506 0.627913 0.014522 0.018776
1 0.739003 0.724727 0.015182 0.017603
1 0.908648 0.805113 0.011224 0.016429
1 0.916242 0.822129 0.013203 0.015256
1 0.829437 0.532272 0.007260 0.012908
1 0.838021 0.545181 0.012542 0.015256
1 0.918221 0.538139 0.011880 0.015256
1 0.899078 0.532271 0.010562 0.015256
1 0.876635 0.663705 0.013198 0.019950
