0 0.714581 0.561023 0.025745 0.016429
0 0.271654 0.565717 0.016502 0.016430
0 0.737682 0.939482 0.028385 0.034036
0 0.737023 0.865549 0.024422 0.031684
0 0.673984 0.922466 0.026406 0.058680
0 0.267033 0.755238 0.029705 0.078625
0 0.225777 0.761106 0.009241 0.038726
0 0.221816 0.803939 0.007921 0.032858
0 0.186501 0.820369 0.008582 0.112657
0 0.542294 0.596815 0.009901 0.022296
0 0.548896 0.610310 0.007260 0.025818
0 0.527442 0.616177 0.014522 0.016429
0 0.631737 0.460101 0.017161 0.011735
0 0.633719 0.474182 0.010563 0.011735
0 0.618865 0.465381 0.008583 0.017602
0 0.773000 0.511735 0.009240 0.014081
0 0.763758 0.520537 0.006599 0.017603
0 0.782901 0.531098 0.013198 0.012909
1 0.975320 0.240654 0.009901 0.023469
1 0.954526 0.252389 0.009240 0.007042
1 0.739995 0.485918 0.018479 0.009388
1 0.739995 0.501174 0.018479 0.009388
1 0.721182 0.484158 0.008583 0.017603
1 0.682565 0.494132 0.011880 0.018776
1 0.678604 0.512909 0.014521 0.014082
1 0.656490 0.508801 0.007260 0.015256
1 0.479915 0.376781 0.014522 0.014081
1 0.484206 0.389690 0.009901 0.014082
1 0.464403 0.384996 0.009902 0.011735
