1 0.799734 0.356245 0.008583 0.050460
1 0.783563 0.342162 0.005281 0.017603
1 0.786531 0.358592 0.005937 0.029338
1 0.768378 0.349790 0.011880 0.044594
1 0.567708 0.387343 0.015844 0.014082
1 0.567708 0.742917 0.009240 0.016430
1 0.544604 0.741743 0.011885 0.014082
1 0.541305 0.724727 0.007922 0.019949
1 0.523812 0.685414 0.012543 0.014082
1 0.502358 0.694803 0.013202 0.014081
1 0.437339 0.705951 0.013862 0.015256
1 0.382880 0.538726 0.013202 0.018776
1 0.359117 0.543420 0.015842 0.016429
2 0.531734 0.544006 0.008583 0.015256
2 0.513250 0.549874 0.009902 0.015256
2 0.347565 0.428416 0.009901 0.011735
0 0.419186 0.812154 0.014522 0.016430
0 0.395422 0.803352 0.007921 0.024644
