1 0.577940 0.309304 0.011224 0.017603
1 0.567047 0.314586 0.021125 0.014082
1 0.582562 0.359179 0.007260 0.044593
1 0.563747 0.390276 0.022443 0.017603
1 0.796104 0.864375 0.014521 0.022296
1 0.687516 0.424895 0.019146 0.011735
1 0.689497 0.443085 0.013859 0.017603
1 0.671344 0.434283 0.006604 0.018776
2 0.753857 0.671332 0.007922 0.018776
2 0.773000 0.687175 0.015844 0.019950
1 0.701708 0.900167 0.013198 0.018777
2 0.274624 0.419614 0.007921 0.017603
2 0.257461 0.429589 0.013202 0.016429
0 0.627117 0.375021 0.019807 0.015256
0 0.630417 0.390863 0.014521 0.018777
0 0.101348 0.957671 0.017823 0.023472
0 0.079235 0.944171 0.017163 0.019954
0 0.070653 0.965884 0.013202 0.021120
2 0.211915 0.419614 0.023764 0.017603
