0 0.218186 0.503520 0.007261 0.011735
0 0.209604 0.518190 0.017823 0.015256
0 0.403343 0.739396 0.011882 0.016430
0 0.376940 0.732355 0.009242 0.016429
0 0.140954 0.354485 0.007261 0.009388
0 0.134683 0.370914 0.013202 0.014081
0 0.154156 0.621458 0.015182 0.012909
0 0.161417 0.629673 0.011221 0.012908
0 0.137984 0.632606 0.011882 0.011735
1 0.844951 0.344510 0.015839 0.012908
1 0.775638 0.590360 0.011880 0.011735
1 0.937695 0.749957 0.011224 0.018776
1 0.958156 0.767560 0.019146 0.016430
1 0.873333 0.609723 0.009240 0.015256
1 0.846930 0.617351 0.011880 0.014081
1 0.833398 0.365633 0.011224 0.010562
