1 0.861784 0.402012 0.016505 0.015256
1 0.815247 0.525231 0.017161 0.010561
1 0.814917 0.539312 0.016500 0.010562
1 0.829768 0.618525 0.010557 0.016429
1 0.811945 0.612657 0.011880 0.016429
1 0.801714 0.775775 0.011219 0.016430
1 0.782240 0.766974 0.009240 0.017603
1 0.782242 0.749957 0.013203 0.011735
1 0.670354 0.668399 0.011219 0.019949
0 0.179900 0.654904 0.009902 0.018776
0 0.172309 0.674267 0.014522 0.015256
0 0.086166 0.859094 0.008581 0.018776
0 0.076924 0.879044 0.016503 0.014082
