1 0.856172 0.294049 0.014521 0.069237
1 0.832078 0.294636 0.005937 0.061023
1 0.805344 0.295223 0.014521 0.071584
1 0.470674 0.411987 0.022443 0.018776
0 0.525133 0.804526 0.008578 0.026991
0 0.491467 0.816848 0.020463 0.023470
0 0.518530 0.648449 0.011220 0.024644
1 0.592133 0.801592 0.022443 0.025818
1 0.555167 0.815087 0.019802 0.024644
1 0.408954 0.671333 0.012542 0.021123
1 0.421166 0.688349 0.010561 0.022297
1 0.390802 0.697150 0.018483 0.023470
2 0.663422 0.576865 0.010562 0.022296
2 0.633060 0.582732 0.013203 0.022296
1 0.597742 0.707125 0.011224 0.022297
1 0.555167 0.717686 0.017167 0.022296
1 0.825479 0.289942 0.007260 0.042246
