1 0.432388 0.237133 0.023764 0.018776
1 0.491467 0.355658 0.004621 0.018776
1 0.451861 0.286421 0.009902 0.051634
1 0.431398 0.303437 0.008581 0.012909
1 0.412255 0.286421 0.008581 0.049287
1 0.433048 0.329254 0.025084 0.019949
1 0.181880 0.745263 0.011222 0.021123
1 0.136663 0.759933 0.019803 0.024644
2 0.035338 0.424895 0.023103 0.021123
2 0.893799 0.697150 0.027724 0.018776
2 0.923500 0.713579 0.010562 0.023470
2 0.890826 0.722967 0.015182 0.023470
2 0.234028 0.679547 0.017822 0.023470
2 0.216535 0.654317 0.010561 0.022296
2 0.296077 0.569237 0.025744 0.014081
2 0.297728 0.594468 0.017163 0.022296
2 0.269673 0.585080 0.008581 0.022296
0 0.595763 0.794551 0.008578 0.028164
0 0.558797 0.816261 0.021781 0.024644
