0 0.209604 0.555742 0.011222 0.017603
0 0.185511 0.569237 0.011882 0.018776
0 0.225447 0.524057 0.009902 0.017603
0 0.248880 0.522884 0.010561 0.017603
2 0.644609 0.397905 0.005937 0.011735
2 0.653523 0.406706 0.007922 0.012908
0 0.205314 0.571584 0.015843 0.014081
2 0.789833 0.517016 0.008583 0.012908
1 0.803365 0.672506 0.018479 0.016429
1 0.668044 0.620285 0.011880 0.017603
1 0.693128 0.624392 0.009245 0.023469
1 0.907328 0.504694 0.012542 0.016429
2 0.896440 0.495306 0.007922 0.014082
1 0.982911 0.684828 0.010562 0.017603
1 0.852211 0.384409 0.015839 0.015256
