0 0.469353 0.620285 0.022443 0.026991
0 0.477275 0.639648 0.018483 0.028164
0 0.833398 0.313999 0.011224 0.012908
2 0.870034 0.331015 0.007922 0.011735
1 0.544273 0.704191 0.015182 0.023470
1 0.543615 0.752892 0.021781 0.034031
1 0.586190 0.755238 0.017161 0.036379
1 0.629099 0.330428 0.015844 0.012909
1 0.626456 0.341576 0.013203 0.016430
1 0.515890 0.413160 0.011220 0.014081
1 0.529091 0.420201 0.011224 0.016429
1 0.513580 0.428416 0.009242 0.014081
2 0.757815 0.629673 0.027724 0.024644
0 0.413245 0.637888 0.015842 0.041073
0 0.437009 0.627913 0.029044 0.028164
0 0.432718 0.653143 0.029705 0.029338
0 0.439979 0.752305 0.028384 0.032858
0 0.409284 0.711819 0.009242 0.055156
0 0.431728 0.704191 0.011882 0.032858
