0 0.214555 0.800419 0.014522 0.016430
0 0.617216 0.532271 0.007922 0.015256
0 0.607974 0.551048 0.011885 0.017603
0 0.348885 0.567477 0.008581 0.015256
2 0.355156 0.574518 0.006601 0.010562
2 0.174619 0.790444 0.011221 0.017603
2 0.162407 0.815675 0.013202 0.016429
1 0.938023 0.448952 0.013203 0.015256
1 0.462422 0.688348 0.013862 0.015256
1 0.892146 0.575692 0.012542 0.015256
1 0.881586 0.563369 0.009901 0.014081
1 0.772339 0.605616 0.011885 0.014082
1 0.743956 0.584493 0.011880 0.011735
1 0.748245 0.600335 0.016500 0.015256
1 0.224457 0.578038 0.017163 0.010562
1 0.225116 0.592121 0.011882 0.012908
