1 0.814917 0.397318 0.012542 0.019950
1 0.637349 0.717100 0.008583 0.016429
1 0.629758 0.730595 0.007922 0.019949
1 0.653193 0.735875 0.017823 0.016429
1 0.483546 0.756999 0.007261 0.018776
1 0.493447 0.769321 0.012542 0.012908
1 0.064052 0.734702 0.007921 0.021123
1 0.039299 0.754652 0.015182 0.016430
0 0.077584 0.867896 0.011222 0.017603
0 0.068673 0.885498 0.015843 0.015256
0 0.203663 0.625566 0.012542 0.014081
0 0.174289 0.623806 0.009242 0.015256
0 0.180890 0.661944 0.018483 0.011735
0 0.180560 0.673093 0.013862 0.015256
0 0.191452 0.428416 0.017162 0.009388
0 0.192111 0.439564 0.017162 0.012908
0 0.026097 0.494132 0.009902 0.016430
0 0.023126 0.509975 0.014522 0.012908
0 0.004313 0.508801 0.008581 0.015256
