1 0.528763 0.398492 0.011880 0.015256
1 0.853531 0.364459 0.010562 0.050461
1 0.835708 0.350964 0.003958 0.018776
1 0.839008 0.367394 0.006599 0.030511
1 0.818544 0.359766 0.013203 0.045767
2 0.840659 0.460101 0.009901 0.011735
1 0.949906 0.676613 0.019802 0.015256
1 0.954195 0.693629 0.020464 0.018777
1 0.923833 0.686001 0.016500 0.019949
1 0.386181 0.731181 0.009241 0.018776
1 0.354166 0.732355 0.013862 0.016429
0 0.081215 0.667225 0.015842 0.015256
0 0.519521 0.607376 0.015843 0.015256
0 0.513580 0.622045 0.009242 0.016429
0 0.535362 0.619698 0.011880 0.016430
0 0.412585 0.573344 0.010561 0.015256
0 0.420176 0.586840 0.008581 0.016430
0 0.399713 0.588600 0.012542 0.017602
0 0.423146 0.546354 0.017162 0.012909
0 0.426777 0.559849 0.013862 0.016430
0 0.428427 0.632606 0.009241 0.018776
0 0.412915 0.655490 0.020463 0.017603
2 0.826466 0.474769 0.011880 0.019950
