1 0.920201 0.416094 0.018484 0.015256
0 0.169338 0.674853 0.009902 0.016429
0 0.175939 0.677200 0.007261 0.016430
0 0.161087 0.686588 0.013202 0.014082
0 0.299708 0.860855 0.009242 0.015256
0 0.292117 0.877284 0.015182 0.017603
0 0.328422 0.695389 0.012542 0.017603
0 0.304989 0.691869 0.009241 0.019949
0 0.149535 0.703017 0.011221 0.014082
0 0.155806 0.714166 0.010561 0.012909
1 0.785542 0.556915 0.009240 0.017603
1 0.792474 0.575105 0.017823 0.016430
1 0.700057 0.525231 0.011219 0.012909
1 0.684875 0.525231 0.007260 0.015256
1 0.725141 0.752892 0.012542 0.015256
1 0.750227 0.648449 0.009901 0.015256
1 0.722831 0.657837 0.011880 0.015256
0 0.134023 0.718273 0.017162 0.014082
