0 0.145905 0.634367 0.010561 0.008215
0 0.140294 0.652556 0.016503 0.016430
0 0.119831 0.654317 0.011222 0.017602
0 0.380570 0.741156 0.009902 0.015256
0 0.353506 0.749958 0.013862 0.016429
0 0.038638 0.491785 0.011222 0.011735
0 0.040289 0.474769 0.007921 0.010561
0 0.016855 0.493545 0.009902 0.015256
1 0.837688 0.370327 0.015844 0.010562
1 0.631409 0.533445 0.009901 0.012908
1 0.778281 0.504107 0.010562 0.010561
1 0.784221 0.521123 0.011880 0.014081
1 0.987531 0.510562 0.013198 0.011734
1 0.885544 0.475943 0.015182 0.010562
1 0.883568 0.490612 0.012542 0.014081
