1 0.937365 0.405532 0.018479 0.012909
2 0.036988 0.705364 0.025084 0.016429
1 0.820198 0.564543 0.012542 0.014082
1 0.810625 0.552221 0.009240 0.015256
1 0.803693 0.559262 0.008583 0.019950
1 0.460112 0.578038 0.014522 0.015256
1 0.440639 0.512909 0.005941 0.014082
1 0.429417 0.525231 0.011221 0.012909
1 0.395092 0.524644 0.008581 0.014082
1 0.402353 0.536379 0.009902 0.014081
1 0.379910 0.534032 0.016503 0.014082
2 0.333043 0.683068 0.015182 0.021123
2 0.311259 0.681894 0.015182 0.016429
2 0.218846 0.776362 0.012542 0.019949
2 0.198383 0.782229 0.013862 0.012908
0 0.297728 0.664292 0.010561 0.018776
0 0.273964 0.670745 0.013202 0.015256
0 0.024776 0.728835 0.011222 0.021123
0 0.018175 0.749371 0.013862 0.015256
