1 0.833398 0.324560 0.019141 0.012909
2 0.571669 0.382649 0.013203 0.014081
1 0.861451 0.387930 0.007922 0.034031
1 0.844620 0.353898 0.005937 0.034031
1 0.833398 0.351551 0.008578 0.031685
1 0.795443 0.376194 0.006604 0.034031
1 0.829440 0.376781 0.015182 0.014081
0 0.559458 0.500000 0.007260 0.016430
2 0.836039 0.434283 0.007266 0.011735
2 0.823167 0.446605 0.010562 0.012908
1 0.476945 0.552221 0.011222 0.015256
1 0.453841 0.557502 0.016502 0.016430
1 0.337664 0.504107 0.009902 0.012909
0 0.046560 0.549288 0.012542 0.016429
0 0.052831 0.560436 0.009242 0.017603
0 0.034018 0.561023 0.011222 0.016429
