0 0.174289 0.835624 0.054128 0.065717
0 0.126102 0.890779 0.035645 0.056329
0 0.116530 0.920116 0.020464 0.039898
0 0.071974 0.962363 0.025084 0.082145
0 0.326772 0.526991 0.023764 0.023470
0 0.544935 0.399078 0.008578 0.021123
0 0.515891 0.380302 0.008581 0.021123
0 0.522491 0.400838 0.017821 0.017603
1 0.397403 0.380888 0.013202 0.017603
1 0.379910 0.379715 0.013862 0.015256
1 0.376279 0.394384 0.013202 0.016430
1 0.759799 0.098073 0.007922 0.019949
1 0.842310 0.721206 0.019807 0.019950
1 0.804026 0.704191 0.019802 0.030511
0 0.579589 0.541660 0.009240 0.019949
0 0.561768 0.537552 0.021120 0.016429
0 0.559128 0.558675 0.015839 0.018777
0 0.616557 0.236547 0.010562 0.010562
0 0.185180 0.407879 0.013862 0.017603
0 0.193762 0.416681 0.009902 0.018776
0 0.173959 0.425482 0.013863 0.012908
