0 0.169668 0.608550 0.017162 0.062196
0 0.145245 0.595641 0.007921 0.024644
0 0.140624 0.623806 0.006601 0.034031
0 0.124121 0.600922 0.010561 0.037553
0 0.407634 0.602682 0.024423 0.019950
0 0.620516 0.623806 0.021125 0.019950
0 0.602365 0.602682 0.011219 0.022296
0 0.594112 0.615591 0.010557 0.024644
1 0.527773 0.711819 0.015183 0.019950
1 0.536682 0.725901 0.009240 0.026991
1 0.509291 0.726488 0.023106 0.018777
1 0.497408 0.416681 0.008581 0.016430
1 0.479915 0.407293 0.021123 0.014081
1 0.476615 0.424895 0.014522 0.016430
1 0.521832 0.602682 0.016503 0.017603
1 0.482886 0.599748 0.013862 0.011735
1 0.685865 0.497066 0.010562 0.015256
1 0.698737 0.517016 0.013859 0.015256
1 0.677615 0.507628 0.007260 0.019950
0 0.418196 0.793378 0.009902 0.025817
0 0.395752 0.807460 0.016503 0.018777
