0 0.519522 0.671333 0.011883 0.021123
0 0.550216 0.460100 0.008578 0.021123
0 0.540313 0.482397 0.017823 0.018776
1 0.342614 0.678960 0.013202 0.019950
1 0.315880 0.687175 0.012542 0.022296
1 0.453841 0.723554 0.019143 0.017602
1 0.476945 0.732942 0.009902 0.022296
1 0.449880 0.745264 0.013862 0.018776
1 0.917891 0.618525 0.011219 0.025818
1 0.953536 0.620871 0.013865 0.018776
0 0.396083 0.517016 0.018483 0.019950
0 0.207624 0.547527 0.008581 0.036379
0 0.191452 0.528751 0.009242 0.034031
0 0.234028 0.534032 0.015182 0.058675
0 0.211915 0.524057 0.005281 0.024644
