0 0.025436 0.672506 0.017823 0.016429
0 0.450210 0.519950 0.013202 0.014082
0 0.208284 0.383236 0.008581 0.010562
0 0.214225 0.392624 0.007261 0.015256
0 0.197392 0.397318 0.011882 0.012908
0 0.165708 0.644342 0.011882 0.016430
0 0.172969 0.653730 0.007921 0.016429
0 0.151846 0.660184 0.013202 0.015256
1 0.847922 0.377955 0.017823 0.014082
1 0.540315 0.533445 0.011224 0.012908
1 0.819206 0.517602 0.017161 0.009388
1 0.821516 0.531098 0.012542 0.015256
1 0.805674 0.520536 0.007266 0.015256
1 0.983901 0.398491 0.012542 0.010562
1 0.740984 0.665465 0.009906 0.014082
1 0.719862 0.665465 0.016505 0.014082
1 0.718542 0.681307 0.016500 0.017602
