0 0.708310 0.257670 0.042245 0.022297
0 0.708638 0.288181 0.025745 0.029338
1 0.720521 0.347444 0.023104 0.028165
1 0.762438 0.348617 0.019802 0.030512
1 0.554177 0.275859 0.024427 0.030511
0 0.378590 0.612070 0.028384 0.031685
0 0.437009 0.592120 0.014522 0.031685
0 0.394432 0.776362 0.012542 0.031684
0 0.359117 0.810980 0.026404 0.032858
1 0.069003 0.542833 0.041586 0.034031
1 0.462422 0.740570 0.032345 0.025818
1 0.472984 0.774601 0.024423 0.035205
1 0.425457 0.769321 0.020463 0.029338
1 0.467043 0.243001 0.028384 0.025818
1 0.473644 0.272926 0.024423 0.034031
1 0.434038 0.268232 0.024423 0.029338
