0 0.367698 0.824475 0.031685 0.031684
0 0.337994 0.844425 0.017162 0.052808
0 0.360107 0.864962 0.038946 0.046941
0 0.339644 0.804526 0.011222 0.043420
0 0.393772 0.887845 0.016503 0.057502
0 0.458462 0.924223 0.005941 0.066888
0 0.364728 0.907208 0.024424 0.058676
0 0.337664 0.939480 0.011222 0.066892
0 0.378260 0.978204 0.036966 0.041074
2 0.661773 0.775775 0.029703 0.018776
0 0.670354 0.510562 0.012542 0.014082
1 0.753195 0.456580 0.007922 0.014082
1 0.757156 0.470075 0.010563 0.012908
1 0.608966 0.404946 0.005943 0.016429
1 0.596753 0.401425 0.015839 0.011735
1 0.593453 0.414920 0.010562 0.015256
1 0.844620 0.410226 0.005937 0.010562
1 0.825807 0.404945 0.007917 0.011735
0 0.404664 0.394384 0.006601 0.011735
0 0.409945 0.410226 0.010562 0.012908
0 0.362747 0.429589 0.007261 0.014082
0 0.368688 0.443672 0.011221 0.014082
0 0.383210 0.436044 0.005941 0.012908
0 0.651539 0.499413 0.007922 0.012908
