1 0.878617 0.390277 0.017161 0.012909
1 0.776299 0.649036 0.014526 0.018776
1 0.756497 0.640821 0.014526 0.016430
1 0.752206 0.652556 0.013859 0.016430
0 0.040949 0.582732 0.011882 0.015256
0 0.200363 0.411987 0.015182 0.014082
0 0.184191 0.409640 0.010561 0.014081
0 0.180560 0.420201 0.012542 0.016429
0 0.064052 0.845012 0.014522 0.016430
0 0.080885 0.512322 0.011222 0.012908
0 0.069993 0.524644 0.013202 0.011735
0 0.087156 0.519363 0.007921 0.015256
1 0.785211 0.707712 0.008578 0.016429
1 0.777292 0.716513 0.007260 0.019950
1 0.796763 0.718860 0.010557 0.017603
1 0.756497 0.691869 0.014526 0.015256
1 0.750885 0.677200 0.011219 0.014081
0 0.006624 0.827996 0.007921 0.017603
