0 0.561438 0.126824 0.008583 0.016429
0 0.555826 0.143839 0.013203 0.012908
0 0.538003 0.137972 0.007922 0.017603
0 0.394102 0.156748 0.014522 0.012909
0 0.400703 0.168483 0.007921 0.015256
0 0.871354 0.172590 0.011885 0.014082
0 0.670023 0.262364 0.010557 0.015256
0 0.654180 0.267058 0.011880 0.017603
0 0.720852 0.356245 0.022443 0.019949
0 0.337664 0.542833 0.032345 0.066890
0 0.305649 0.568063 0.015842 0.049288
0 0.276274 0.606790 0.013862 0.084493
1 0.635039 0.805699 0.014526 0.038726
1 0.594771 0.813327 0.019802 0.028164
1 0.591143 0.755825 0.020464 0.053981
1 0.954857 0.323387 0.016505 0.017603
1 0.932745 0.305784 0.021125 0.022296
1 0.925151 0.318106 0.021781 0.023470
1 0.641641 0.120956 0.014521 0.011735
1 0.641310 0.132105 0.011224 0.010561
