0 0.120161 0.615591 0.015842 0.015256
0 0.126762 0.632020 0.010562 0.017603
0 0.103658 0.632606 0.013202 0.018776
0 0.282215 0.704191 0.011222 0.018776
0 0.253831 0.707711 0.012542 0.018776
2 0.315550 0.715926 0.017163 0.016430
2 0.323142 0.730595 0.015182 0.017603
2 0.298718 0.726488 0.011222 0.014082
1 0.886536 0.308718 0.017167 0.014082
1 0.430078 0.493545 0.008581 0.015256
1 0.458462 0.499413 0.012542 0.015256
1 0.599063 0.680720 0.007260 0.018776
1 0.609956 0.698323 0.011880 0.016430
1 0.591474 0.687762 0.005281 0.016429
1 0.846602 0.473009 0.011224 0.014081
1 0.831089 0.462448 0.014521 0.011734
1 0.825146 0.475356 0.010562 0.016430
