1 0.575961 0.312238 0.011224 0.016429
1 0.563747 0.316932 0.021120 0.014081
1 0.580581 0.359765 0.009901 0.048114
1 0.560776 0.392624 0.021781 0.017603
2 0.597742 0.361526 0.008578 0.011735
1 0.624807 0.773428 0.008583 0.018776
1 0.662104 0.795725 0.014521 0.018777
1 0.726130 0.494132 0.010562 0.016430
1 0.750885 0.501761 0.012542 0.017603
2 0.770029 0.687175 0.016505 0.019950
2 0.751547 0.674266 0.008583 0.017603
1 0.776299 0.845599 0.015839 0.022296
1 0.739333 0.853813 0.023760 0.022297
2 0.272644 0.421962 0.006601 0.015256
2 0.254821 0.431936 0.014522 0.018776
0 0.685206 0.433110 0.021120 0.016429
0 0.666724 0.446019 0.011885 0.018776
0 0.690815 0.450713 0.015182 0.018777
0 0.175609 0.829170 0.018483 0.024644
0 0.149205 0.818608 0.013202 0.022296
2 0.208944 0.422548 0.023104 0.016430
