0 0.101678 0.673680 0.017162 0.014081
1 0.908648 0.401425 0.015182 0.014081
2 0.652859 0.426656 0.010563 0.012909
2 0.807323 0.534619 0.009240 0.010561
2 0.789503 0.535206 0.009245 0.011735
1 0.767719 0.546354 0.010562 0.015256
1 0.745604 0.544594 0.013865 0.016430
1 0.908648 0.529338 0.009901 0.014082
1 0.896437 0.519363 0.011885 0.017602
1 0.888846 0.528164 0.011224 0.014082
1 0.697419 0.615591 0.009901 0.012909
1 0.674646 0.616764 0.009240 0.019949
0 0.187161 0.660184 0.009902 0.015256
0 0.179570 0.673680 0.014522 0.016430
0 0.216535 0.600922 0.006601 0.018776
0 0.198713 0.610897 0.011882 0.015256
0 0.068343 0.756999 0.009902 0.016429
0 0.061412 0.775188 0.018483 0.012908
