2 0.385191 0.648449 0.021783 0.017602
0 0.376609 0.673093 0.032345 0.026991
0 0.357136 0.662531 0.015843 0.029338
0 0.386841 0.782229 0.030365 0.031684
0 0.403014 0.708885 0.011222 0.051634
0 0.458132 0.751131 0.005281 0.075105
0 0.374629 0.715926 0.017823 0.065717
0 0.354496 0.738222 0.007921 0.065717
0 0.313240 0.830930 0.016503 0.084493
0 0.448230 0.469489 0.010561 0.011735
2 0.863763 0.661944 0.029703 0.021124
0 0.393442 0.444258 0.009241 0.010561
0 0.388491 0.452473 0.005941 0.010562
0 0.404334 0.455406 0.008581 0.011735
0 0.801383 0.583319 0.007922 0.016430
0 0.788510 0.599162 0.013865 0.015256
0 0.736365 0.956495 0.013865 0.018769
1 0.630747 0.430763 0.005943 0.011735
1 0.617216 0.428416 0.014526 0.009388
1 0.616555 0.438978 0.017161 0.011735
1 0.653852 0.508801 0.009901 0.012908
1 0.633388 0.498240 0.007266 0.012909
