1 0.693128 0.411987 0.009245 0.044594
1 0.676953 0.399665 0.003302 0.017602
1 0.680914 0.414921 0.004620 0.029338
1 0.663094 0.407879 0.008583 0.041073
1 0.447900 0.456580 0.015182 0.014082
1 0.496418 0.586840 0.010561 0.014081
1 0.510610 0.600335 0.009902 0.015256
1 0.492127 0.597988 0.007261 0.012908
0 0.615896 0.876697 0.014521 0.023470
0 0.608635 0.886085 0.010562 0.018776
0 0.631740 0.900167 0.010562 0.018777
0 0.492787 0.715926 0.012542 0.016430
0 0.437999 0.687175 0.012542 0.012909
0 0.288816 0.602682 0.008581 0.015256
0 0.278255 0.617938 0.017823 0.015256
