0 0.331393 0.376194 0.013202 0.015256
0 0.337003 0.387343 0.009902 0.014082
0 0.320501 0.382063 0.009901 0.012908
0 0.323802 0.667812 0.013862 0.016430
0 0.345915 0.678374 0.018483 0.014082
0 0.316871 0.683654 0.011882 0.024644
0 0.448560 0.541659 0.012542 0.015256
1 0.845612 0.507628 0.007922 0.012909
1 0.856500 0.524644 0.012542 0.016430
1 0.891818 0.629673 0.011885 0.015256
1 0.911292 0.626739 0.012542 0.016429
1 0.555497 0.842078 0.016505 0.022297
1 0.544935 0.563369 0.012547 0.016430
