1 0.663753 0.262951 0.008578 0.009389
1 0.658471 0.273513 0.004620 0.011734
1 0.661773 0.277033 0.004620 0.011735
1 0.652862 0.288768 0.003964 0.016429
1 0.634708 0.350377 0.005937 0.008214
1 0.493777 0.349790 0.007921 0.009388
1 0.492127 0.355658 0.007261 0.007041
0 0.274624 0.440151 0.009241 0.014081
0 0.475294 0.561609 0.009242 0.015256
0 0.497738 0.559262 0.009241 0.015256
0 0.782901 0.464794 0.009240 0.011735
0 0.768378 0.462448 0.007922 0.011734
0 0.297067 0.556915 0.010562 0.017603
0 0.293107 0.580386 0.014522 0.022297
0 0.269673 0.582732 0.008581 0.019950
0 0.445260 0.639648 0.012542 0.023469
0 0.439649 0.654317 0.010561 0.015256
0 0.460772 0.655490 0.013202 0.017603
0 0.270003 0.459514 0.014522 0.015256
0 0.626456 0.728248 0.027724 0.024644
