0 0.027087 0.671332 0.017163 0.016430
0 0.454501 0.526404 0.011221 0.015256
0 0.193762 0.394384 0.013862 0.011735
0 0.188811 0.405532 0.009241 0.010561
0 0.208944 0.402012 0.009902 0.012908
0 0.161747 0.645515 0.009241 0.016429
0 0.169338 0.651383 0.008581 0.016429
0 0.150855 0.661357 0.013862 0.015256
0 0.029397 0.563956 0.011222 0.010561
0 0.037978 0.570411 0.008581 0.016429
0 0.017845 0.576865 0.014522 0.017603
1 0.849240 0.376781 0.017823 0.014081
1 0.543286 0.532272 0.010562 0.012908
1 0.827789 0.534619 0.007922 0.010561
1 0.808974 0.537552 0.011219 0.014082
1 0.804354 0.519950 0.009906 0.014082
1 0.823826 0.717686 0.018484 0.015256
