1 0.817555 0.178458 0.024422 0.016430
2 0.456482 0.332188 0.025744 0.021123
1 0.874656 0.275860 0.005281 0.051634
1 0.838349 0.226572 0.007917 0.051634
1 0.816898 0.225986 0.015182 0.048114
1 0.797094 0.225985 0.008583 0.050461
1 0.762438 0.269405 0.005281 0.031684
1 0.818216 0.265885 0.027068 0.019949
2 0.858484 0.350964 0.012542 0.018776
2 0.846602 0.376194 0.013859 0.019950
1 0.556818 0.557502 0.023104 0.016430
1 0.549557 0.577452 0.023104 0.018776
1 0.487836 0.576865 0.014522 0.017603
1 0.498398 0.595641 0.006601 0.017603
1 0.466713 0.603269 0.015843 0.021123
1 0.394432 0.993463 0.021783 0.015259
1 0.349546 0.971162 0.007261 0.026991
