1 0.805013 0.388517 0.015182 0.018776
0 0.350866 0.714752 0.013862 0.018777
0 0.327432 0.707711 0.009241 0.023470
0 0.173959 0.691282 0.017823 0.016430
0 0.153496 0.679547 0.009901 0.023470
0 0.148215 0.690109 0.011222 0.018777
0 0.229407 0.577452 0.008581 0.018776
0 0.219506 0.593881 0.015182 0.014082
0 0.054151 0.660771 0.013202 0.016429
0 0.038969 0.656077 0.007921 0.014081
1 0.633057 0.411987 0.006604 0.021123
1 0.787852 0.698910 0.011224 0.017603
1 0.780260 0.708298 0.009240 0.015256
1 0.801714 0.713579 0.013865 0.014082
1 0.751547 0.732942 0.011219 0.017603
1 0.725143 0.718273 0.009901 0.016430
1 0.727453 0.735289 0.018479 0.019950
