1 0.324462 0.413160 0.023104 0.023470
1 0.740326 0.294636 0.005943 0.061023
1 0.766727 0.292288 0.015182 0.070410
1 0.715901 0.293462 0.013865 0.072757
0 0.434368 0.793964 0.030365 0.019949
0 0.437339 0.819195 0.029705 0.028164
0 0.398723 0.808046 0.013202 0.026991
0 0.719862 0.873176 0.021786 0.025818
0 0.552526 0.629673 0.021125 0.024644
1 0.527112 0.590360 0.011224 0.025817
1 0.238979 0.661944 0.010561 0.023470
1 0.199703 0.677787 0.016503 0.022296
1 0.433708 0.666638 0.015842 0.021123
1 0.423147 0.685415 0.009241 0.028165
1 0.610617 0.598575 0.027724 0.018776
1 0.612596 0.620285 0.017161 0.022297
1 0.591143 0.605029 0.009901 0.019949
1 0.452851 0.691282 0.017162 0.021123
0 0.621836 0.863788 0.017161 0.021123
0 0.587182 0.867895 0.017823 0.026991
