0 0.303999 0.531685 0.009902 0.011735
0 0.315880 0.541660 0.021783 0.017603
0 0.320171 0.623219 0.022443 0.021123
0 0.271323 0.663705 0.006601 0.015256
0 0.313570 0.599162 0.010561 0.017603
0 0.298718 0.588600 0.007261 0.048114
2 0.349545 0.775188 0.012542 0.017603
0 0.311920 0.775188 0.020463 0.024644
2 0.400373 0.539312 0.012542 0.017603
2 0.408624 0.550461 0.009241 0.014082
2 0.380900 0.561022 0.010561 0.018776
0 0.432388 0.344510 0.018483 0.012908
0 0.435028 0.361526 0.014522 0.016430
0 0.414235 0.353311 0.007261 0.016430
2 0.713591 0.612070 0.018484 0.017603
1 0.607643 0.346270 0.009901 0.018776
1 0.586523 0.341576 0.020464 0.011735
1 0.583221 0.359179 0.020464 0.018776
1 0.598734 0.837971 0.009240 0.016429
1 0.570677 0.808633 0.017823 0.014081
1 0.571010 0.838558 0.014521 0.017603
