1 0.864094 0.261190 0.006604 0.017603
0 0.584539 0.624392 0.020464 0.016429
0 0.258122 0.778709 0.029044 0.017603
0 0.236008 0.803939 0.012542 0.042246
0 0.257132 0.809220 0.033665 0.045768
0 0.297728 0.823302 0.022444 0.048114
0 0.259442 0.860268 0.010561 0.032858
0 0.233038 0.899581 0.010562 0.073931
1 0.932083 0.424309 0.009240 0.012908
1 0.955187 0.428416 0.009240 0.011735
0 0.742305 0.407293 0.009901 0.014081
0 0.423807 0.444258 0.007921 0.017603
0 0.408294 0.450713 0.011222 0.014082
0 0.922844 0.680721 0.014521 0.014082
0 0.920862 0.702431 0.014526 0.019950
0 0.572987 0.475356 0.007922 0.014082
0 0.565729 0.485331 0.010562 0.012908
0 0.606654 0.521710 0.006599 0.015256
0 0.597083 0.536966 0.017823 0.015256
0 0.761445 0.408466 0.009901 0.014082
