0 0.341294 0.633780 0.035645 0.028164
0 0.300698 0.651969 0.019143 0.038726
0 0.330072 0.668399 0.046207 0.038726
0 0.444600 0.803352 0.005941 0.066890
0 0.369348 0.722967 0.019143 0.082145
0 0.332383 0.739396 0.017823 0.077452
0 0.297397 0.758172 0.011222 0.091533
0 0.236008 0.914837 0.017823 0.071586
0 0.344265 0.819781 0.044227 0.038726
2 0.708971 0.659598 0.038286 0.028164
1 0.682234 0.349791 0.007260 0.016430
1 0.666393 0.343923 0.019141 0.014081
1 0.661771 0.359766 0.012542 0.015256
1 0.678604 0.323387 0.006604 0.015256
1 0.655172 0.321626 0.011219 0.014082
1 0.625469 0.335122 0.007260 0.017603
1 0.608964 0.329841 0.017823 0.011735
1 0.605995 0.345097 0.019802 0.016429
