0 0.171979 0.718860 0.021783 0.015256
0 0.160757 0.711819 0.009902 0.015256
0 0.222146 0.805700 0.005941 0.012908
0 0.170659 0.767560 0.009902 0.023470
0 0.132703 0.827409 0.006601 0.016430
0 0.156796 0.760519 0.007261 0.044594
0 0.175939 0.792204 0.021783 0.021123
0 0.743625 0.830343 0.008583 0.017603
0 0.716560 0.839144 0.015182 0.018776
0 0.789831 0.766974 0.013859 0.022297
0 0.763758 0.762280 0.018484 0.017602
0 0.759469 0.778709 0.017823 0.019949
2 0.666393 0.833863 0.013859 0.012908
2 0.664742 0.852640 0.013203 0.017603
2 0.522492 0.762866 0.016505 0.014082
1 0.587182 0.450126 0.007260 0.012909
1 0.596091 0.455994 0.006599 0.015256
1 0.575958 0.465381 0.017823 0.010561
