0 0.188481 0.626739 0.011222 0.018776
0 0.164057 0.633780 0.017823 0.016429
0 0.249870 0.808047 0.013863 0.017603
2 0.192111 0.788683 0.017162 0.011735
2 0.191121 0.805699 0.011222 0.015256
0 0.118180 0.629673 0.009241 0.015256
0 0.124781 0.640821 0.006601 0.016430
0 0.107949 0.650209 0.013862 0.016430
2 0.963440 0.640235 0.015182 0.010562
2 0.962448 0.654903 0.014521 0.016429
2 0.060092 0.744677 0.014522 0.015256
1 0.877294 0.450126 0.017161 0.010561
1 0.454831 0.550461 0.006601 0.011735
1 0.464733 0.560436 0.013202 0.010562
1 0.794122 0.606203 0.005276 0.015256
1 0.815906 0.617351 0.011885 0.011735
1 0.935055 0.556915 0.009901 0.012908
1 0.928122 0.567477 0.007922 0.015256
1 0.946276 0.573344 0.011219 0.012909
1 0.935055 0.925982 0.013859 0.016425
