0 0.500048 0.769321 0.011221 0.017603
0 0.465063 0.771081 0.013862 0.018777
1 0.856172 0.335122 0.010562 0.055155
1 0.838018 0.322213 0.005943 0.024644
1 0.840331 0.340402 0.006599 0.032858
1 0.819536 0.330428 0.012542 0.050461
0 0.157786 0.856747 0.009242 0.021123
0 0.123461 0.845012 0.011882 0.021123
0 0.393772 0.554568 0.012542 0.017603
0 0.399713 0.570411 0.012542 0.016429
0 0.376609 0.570997 0.011222 0.015256
1 0.669034 0.512909 0.009901 0.016429
1 0.661115 0.524644 0.007260 0.016430
1 0.684544 0.528164 0.013203 0.016429
1 0.517871 0.580386 0.013862 0.017603
2 0.636688 0.613244 0.008583 0.015256
2 0.613914 0.615591 0.011880 0.017602
1 0.554508 0.384996 0.018484 0.011735
