1 0.281225 0.461861 0.018483 0.017603
1 0.617216 0.352724 0.013203 0.057502
1 0.596753 0.354485 0.005276 0.051634
1 0.591802 0.352725 0.004625 0.036379
1 0.576289 0.355071 0.011880 0.057502
1 0.362747 0.671919 0.007261 0.015256
1 0.331723 0.676613 0.015182 0.017603
1 0.996115 0.704191 0.009240 0.014081
1 0.980932 0.724140 0.015844 0.016429
1 0.843630 0.947694 0.011885 0.015259
1 0.813266 0.953565 0.015844 0.022296
2 0.684216 0.961190 0.021786 0.011731
2 0.685865 0.984657 0.014521 0.018778
2 0.659464 0.972338 0.010562 0.022306
