0 0.522491 0.721207 0.017821 0.017603
0 0.844289 0.556328 0.013203 0.014082
0 0.219836 0.718860 0.013202 0.055155
0 0.200363 0.703604 0.004621 0.017603
0 0.197392 0.730008 0.006601 0.023470
0 0.183201 0.710645 0.008581 0.034031
1 0.822836 0.572758 0.011224 0.014082
1 0.815906 0.590360 0.013198 0.014081
1 0.809633 0.539313 0.009901 0.015256
1 0.799404 0.555155 0.011880 0.014082
1 0.750224 0.557502 0.007260 0.014082
1 0.725802 0.572171 0.012542 0.015256
0 0.642961 0.630846 0.011880 0.012909
0 0.640979 0.649622 0.014521 0.015256
0 0.614906 0.650209 0.016500 0.018776
0 0.324132 0.494719 0.007921 0.012908
0 0.330072 0.504107 0.010561 0.015256
0 0.345255 0.505868 0.007921 0.016430
0 0.619526 0.711232 0.011219 0.014082
0 0.612924 0.721794 0.013859 0.016430
0 0.595432 0.724141 0.009240 0.018776
0 0.216205 0.536966 0.008581 0.015256
