1 0.705997 0.321626 0.015182 0.018777
0 0.522160 0.721793 0.013200 0.021123
0 0.479255 0.744677 0.011882 0.026991
0 0.510939 0.754065 0.021122 0.022296
0 0.608635 0.743503 0.014521 0.024644
0 0.685865 0.484744 0.010562 0.018776
0 0.677945 0.504107 0.014526 0.017603
0 0.331723 0.784576 0.012542 0.022297
1 0.480245 0.513495 0.011221 0.015256
1 0.777289 0.458927 0.015182 0.018776
1 0.773331 0.474182 0.015182 0.023470
1 0.559128 0.327494 0.009245 0.016429
1 0.566719 0.340403 0.012542 0.018776
1 0.798414 0.475943 0.015182 0.024644
1 0.707320 0.507628 0.008578 0.017602
1 0.723820 0.519950 0.015182 0.018776
1 0.995453 0.291702 0.010562 0.034031
