1 0.663091 0.327494 0.004620 0.021123
1 0.911948 0.404359 0.012542 0.010562
1 0.811615 0.447192 0.012542 0.009388
1 0.821187 0.454820 0.006604 0.010562
1 0.808974 0.456580 0.008583 0.009388
1 0.942643 0.647276 0.011880 0.015256
1 0.949576 0.670746 0.013859 0.017603
1 0.973669 0.671332 0.010557 0.016430
1 0.803034 0.602682 0.019141 0.012908
1 0.816896 0.610310 0.007260 0.011735
1 0.802375 0.617351 0.012542 0.014081
0 0.357797 0.766974 0.010562 0.017603
0 0.350205 0.781643 0.016503 0.018776
0 0.328422 0.795725 0.007261 0.016429
0 0.342614 0.493546 0.007921 0.010562
0 0.336014 0.498827 0.010561 0.011735
0 0.524472 0.711232 0.015182 0.018777
0 0.450541 0.695389 0.009901 0.017603
0 0.468693 0.717100 0.022443 0.016429
0 0.804023 0.927743 0.013203 0.031681
0 0.834388 0.967644 0.023766 0.024639
