1 0.572000 0.360939 0.028385 0.017603
1 0.575961 0.386170 0.019141 0.021123
1 0.544604 0.367393 0.009240 0.025818
1 0.785542 0.889606 0.023760 0.028165
1 0.723164 0.842078 0.020464 0.024644
1 0.748245 0.765800 0.013865 0.038726
1 0.730094 0.800419 0.021125 0.028165
1 0.692799 0.789270 0.009901 0.034031
0 0.515891 0.431350 0.019144 0.022297
0 0.484536 0.393798 0.017162 0.017603
0 0.479255 0.424308 0.017163 0.022296
0 0.178249 0.143253 0.014522 0.025817
0 0.159767 0.170244 0.023764 0.021123
0 0.275284 0.444845 0.015842 0.028164
0 0.259772 0.473009 0.020464 0.023470
0 0.150525 0.258844 0.031685 0.015256
0 0.115210 0.253563 0.017823 0.025817
