0 0.055471 0.636127 0.017162 0.056329
0 0.032368 0.625566 0.007921 0.023470
0 0.029067 0.649036 0.007921 0.028164
0 0.012565 0.634367 0.010562 0.034031
0 0.244260 0.619698 0.025084 0.018776
0 0.453181 0.568650 0.017822 0.015256
0 0.456482 0.584493 0.013862 0.014082
0 0.437009 0.571584 0.007921 0.023470
0 0.154816 0.440151 0.019143 0.014081
0 0.154816 0.458340 0.021783 0.017603
2 0.155476 0.669572 0.016503 0.017602
2 0.132703 0.662531 0.011882 0.019950
1 0.475954 0.611483 0.010562 0.018776
1 0.482885 0.624392 0.011222 0.018777
1 0.461102 0.630260 0.015182 0.014082
