0 0.235678 0.551048 0.017162 0.019949
2 0.214555 0.549874 0.010561 0.015256
1 0.802372 0.524644 0.009901 0.011735
1 0.815906 0.535792 0.018479 0.017603
1 0.795443 0.534032 0.009240 0.016429
1 0.663753 0.648449 0.009901 0.015256
1 0.634049 0.649036 0.011224 0.016429
1 0.690487 0.819782 0.010557 0.017603
1 0.700060 0.840318 0.009901 0.016429
2 0.007614 0.680721 0.013862 0.014082
1 0.962779 0.372674 0.020464 0.012909
1 0.776628 0.686588 0.009901 0.016430
1 0.758477 0.691282 0.013203 0.016430
1 0.957828 0.688349 0.014521 0.017603
