1 0.555167 0.514669 0.015844 0.015256
1 0.689828 0.469489 0.010562 0.042246
1 0.720523 0.475356 0.009901 0.044594
1 0.707979 0.478290 0.005938 0.026991
0 0.429087 0.764626 0.014522 0.017603
1 0.840331 0.839145 0.018484 0.021123
1 0.866734 0.846186 0.015844 0.018777
1 0.391792 0.810980 0.009902 0.016429
1 0.412585 0.812741 0.014522 0.019950
0 0.353836 0.629086 0.009242 0.018776
0 0.346905 0.649622 0.013862 0.015256
1 0.517212 0.672506 0.007264 0.016429
1 0.521501 0.687762 0.010561 0.016429
