0 0.110259 0.605029 0.014522 0.062195
0 0.085835 0.592707 0.006601 0.030511
0 0.081215 0.619698 0.006601 0.030511
0 0.063392 0.598575 0.009242 0.044594
0 0.388491 0.599748 0.024423 0.018776
0 0.576620 0.596228 0.008583 0.021123
0 0.556156 0.616764 0.024427 0.017603
1 0.684216 0.515842 0.019141 0.017603
1 0.662763 0.508214 0.015839 0.016429
1 0.654182 0.519363 0.015844 0.019950
1 0.431728 0.387343 0.010562 0.016429
1 0.453181 0.392037 0.012542 0.014081
1 0.449551 0.668399 0.015843 0.017603
1 0.595432 0.514082 0.015844 0.014082
1 0.578599 0.503521 0.008583 0.021123
1 0.711281 0.657837 0.016500 0.022296
1 0.702698 0.673680 0.012542 0.023470
1 0.729763 0.676026 0.015182 0.016429
0 0.983242 0.490612 0.015182 0.016430
