1 0.309939 0.707711 0.024423 0.049287
1 0.323802 0.728248 0.015182 0.036379
1 0.288486 0.744677 0.019803 0.022296
0 0.442290 0.518189 0.013202 0.043419
0 0.419846 0.528164 0.018483 0.051634
0 0.401033 0.546354 0.007261 0.055156
0 0.372649 0.634367 0.012542 0.052808
0 0.424137 0.467142 0.023104 0.023470
0 0.419186 0.491786 0.029045 0.032858
0 0.403013 0.479463 0.016503 0.031684
0 0.431728 0.582145 0.025084 0.030511
2 0.828779 0.460100 0.024422 0.014082
1 0.829768 0.148534 0.009245 0.010562
1 0.839669 0.143840 0.009245 0.008215
1 0.842310 0.152641 0.006599 0.009388
1 0.628768 0.627913 0.015182 0.023470
1 0.579591 0.622045 0.017161 0.030511
1 0.472984 0.464795 0.021783 0.014082
1 0.476945 0.485918 0.024423 0.018776
1 0.451861 0.457167 0.007261 0.034031
2 0.914260 0.416094 0.007917 0.022297
2 0.940995 0.440738 0.025740 0.024644
2 0.957167 0.429002 0.009240 0.029338
0 0.450211 0.376194 0.011882 0.015256
0 0.437009 0.360352 0.007921 0.018777
0 0.414565 0.166137 0.005281 0.012908
