1 0.970701 0.365046 0.020464 0.014081
0 0.023786 0.683068 0.019803 0.016430
1 0.636029 0.514082 0.009901 0.014082
1 0.831086 0.509975 0.007922 0.015256
1 0.839669 0.528164 0.014526 0.014082
2 0.734714 0.492959 0.007917 0.014082
1 0.747917 0.504694 0.015844 0.014082
1 0.728112 0.501174 0.007922 0.016429
0 0.454501 0.465968 0.009902 0.014082
0 0.445590 0.473009 0.013202 0.014081
0 0.112900 0.536966 0.010562 0.015256
0 0.118510 0.547527 0.008581 0.012908
0 0.101018 0.547527 0.014522 0.015256
0 0.371329 0.392037 0.012542 0.011735
0 0.376609 0.403186 0.011222 0.012908
0 0.359777 0.397318 0.009241 0.012908
0 0.244590 0.523470 0.009901 0.016430
0 0.273304 0.526404 0.011882 0.017603
0 0.188811 0.484744 0.009241 0.014081
0 0.195742 0.494719 0.005941 0.015256
0 0.172309 0.500587 0.018483 0.017603
