2 0.327102 0.459514 0.013862 0.015256
1 0.591802 0.373848 0.017823 0.012908
1 0.623818 0.446019 0.005281 0.032857
1 0.604344 0.409640 0.007260 0.037552
1 0.593122 0.404945 0.008578 0.030511
2 0.588833 0.431937 0.014521 0.014082
1 0.552526 0.436631 0.005281 0.035206
0 0.659792 0.570411 0.005938 0.018777
0 0.676956 0.590360 0.019141 0.014081
0 0.574641 0.519950 0.012542 0.016429
0 0.241619 0.788683 0.014522 0.018776
0 0.216205 0.780469 0.008581 0.016429
2 0.394102 0.664291 0.009242 0.014082
2 0.388491 0.683655 0.009902 0.015256
2 0.366378 0.681307 0.007921 0.019950
1 0.451531 0.592120 0.011882 0.015256
1 0.436018 0.578038 0.009902 0.015256
1 0.428757 0.589773 0.007261 0.015256
2 0.800393 0.847359 0.008578 0.018776
2 0.769039 0.855574 0.011880 0.016429
