1 0.688505 0.318693 0.015844 0.010561
1 0.716232 0.377955 0.006599 0.042246
1 0.699068 0.346857 0.006604 0.031684
1 0.688839 0.343923 0.007260 0.039900
1 0.652531 0.369154 0.005937 0.041072
1 0.685536 0.369740 0.016500 0.014082
2 0.428427 0.384409 0.011882 0.012909
2 0.853531 0.669572 0.007917 0.017602
2 0.834719 0.655490 0.012542 0.012908
2 0.830096 0.668986 0.009901 0.014082
2 0.444600 0.788097 0.012542 0.017603
0 0.527443 0.591534 0.010563 0.016429
0 0.477935 0.660771 0.009242 0.018777
0 0.452191 0.542833 0.011882 0.017603
2 0.513910 0.547527 0.007261 0.012908
2 0.495758 0.551048 0.009241 0.015256
2 0.436679 0.583319 0.008581 0.014082
2 0.409285 0.586840 0.011882 0.016430
0 0.470344 0.677200 0.015182 0.018776
