0 0.155476 0.634954 0.011222 0.014081
0 0.157786 0.651970 0.017162 0.017603
0 0.135013 0.658424 0.015182 0.018776
0 0.370009 0.755825 0.012542 0.016429
0 0.347235 0.745850 0.009241 0.019949
0 0.160097 0.371500 0.009902 0.012908
0 0.173299 0.382062 0.011222 0.015256
0 0.283205 0.511735 0.007921 0.011735
0 0.272974 0.528164 0.012542 0.014082
1 0.836698 0.370914 0.016500 0.014081
1 0.623156 0.529338 0.009240 0.011735
1 0.791151 0.524644 0.011219 0.014082
1 0.779930 0.510562 0.008578 0.014082
1 0.773990 0.518776 0.008583 0.016429
1 0.918880 0.480637 0.009240 0.015256
1 0.929443 0.497066 0.011885 0.012908
1 0.869703 0.474182 0.007260 0.011735
1 0.860794 0.487091 0.011880 0.014082
