0 0.028407 0.664878 0.017163 0.017603
0 0.402023 0.558675 0.010561 0.016429
0 0.429417 0.557502 0.008582 0.014082
0 0.170328 0.414333 0.009241 0.011735
0 0.154156 0.407293 0.012542 0.011735
0 0.151516 0.419028 0.012542 0.014081
0 0.300698 0.696563 0.008581 0.015256
0 0.288156 0.714752 0.013862 0.016429
0 0.299378 0.460688 0.007261 0.012908
0 0.304989 0.468902 0.006601 0.012909
0 0.287166 0.474183 0.011882 0.014082
1 0.848581 0.369154 0.016505 0.012909
1 0.552526 0.568063 0.009240 0.014082
1 0.527440 0.562782 0.007922 0.015256
1 0.815578 0.509975 0.012542 0.010561
1 0.820195 0.521123 0.009901 0.009389
1 0.800393 0.520537 0.011224 0.012908
1 0.814586 0.674267 0.010557 0.015256
1 0.836039 0.688348 0.016505 0.015256
1 0.897758 0.487092 0.011880 0.011735
1 0.886867 0.471249 0.009901 0.012909
1 0.881255 0.477117 0.006604 0.012909
