0 0.208944 0.511148 0.019143 0.015256
0 0.232048 0.541659 0.015182 0.057502
0 0.211255 0.529338 0.006601 0.025818
0 0.206964 0.551048 0.007261 0.034032
0 0.191122 0.532858 0.007261 0.035206
0 0.559789 0.549875 0.022443 0.017603
1 0.323801 0.595641 0.009902 0.017603
1 0.304659 0.605029 0.013862 0.019949
1 0.327762 0.654317 0.012542 0.012909
1 0.319841 0.671332 0.009902 0.018776
1 0.344265 0.672506 0.015182 0.018777
1 0.718870 0.421375 0.010562 0.014082
1 0.689167 0.420788 0.011885 0.015256
0 0.807326 0.482984 0.013203 0.017603
0 0.769039 0.475943 0.010557 0.019949
0 0.735703 0.482397 0.011219 0.018776
0 0.743294 0.495893 0.006599 0.019950
0 0.716229 0.499413 0.021125 0.017603
0 0.870365 0.657250 0.012542 0.021123
0 0.879276 0.668986 0.009240 0.021123
0 0.857492 0.666638 0.019807 0.018777
0 0.777289 0.541073 0.016505 0.018776
0 0.783563 0.558675 0.014521 0.018777
0 0.762107 0.545180 0.013859 0.017603
