0 0.197392 0.628500 0.011882 0.034032
0 0.221486 0.641408 0.017823 0.064544
0 0.175279 0.634367 0.011222 0.038726
0 0.375619 0.595641 0.010561 0.026991
0 0.193432 0.551048 0.022444 0.015256
0 0.224126 0.564543 0.016503 0.018777
0 0.186831 0.569824 0.019803 0.019950
1 0.906669 0.439564 0.021786 0.019949
1 0.930102 0.448365 0.018484 0.021123
1 0.902049 0.456580 0.020464 0.021123
1 0.325782 0.779296 0.023103 0.021123
1 0.332053 0.800419 0.014522 0.021123
1 0.302678 0.787510 0.012542 0.023470
1 0.842971 0.613244 0.018484 0.017603
1 0.849901 0.630260 0.012542 0.021123
1 0.822505 0.629086 0.015844 0.018776
0 0.626786 0.687175 0.012542 0.022296
0 0.728112 0.586253 0.021120 0.017603
0 0.729432 0.607376 0.014521 0.019950
0 0.764419 0.595055 0.018484 0.018776
0 0.782901 0.608550 0.013198 0.019950
0 0.759466 0.612657 0.013859 0.018777
0 0.464403 0.856747 0.015182 0.021123
0 0.445920 0.839145 0.019143 0.021123
1 0.389151 0.843252 0.011221 0.019950
0 0.193432 0.655490 0.010561 0.038726
