1 0.745273 0.561023 0.013203 0.014082
1 0.951227 0.361525 0.017161 0.014082
1 0.583219 0.777535 0.012542 0.015256
1 0.568367 0.768734 0.011880 0.018777
1 0.562096 0.781056 0.011224 0.017603
1 0.965419 0.500587 0.011224 0.017603
1 0.950237 0.492959 0.013859 0.016429
1 0.942974 0.504107 0.011219 0.017603
1 0.722831 0.609137 0.013203 0.016429
1 0.700388 0.599749 0.007922 0.016429
0 0.177920 0.623805 0.011221 0.017603
0 0.184851 0.636127 0.010561 0.014082
0 0.166038 0.633780 0.012542 0.016429
0 0.259112 0.810394 0.011221 0.019950
0 0.267363 0.821542 0.009242 0.018776
0 0.246570 0.825063 0.015182 0.018777
0 0.059762 0.442498 0.009902 0.014082
0 0.067023 0.453646 0.009902 0.017602
0 0.046560 0.455993 0.019143 0.017603
