0 0.235678 0.551048 0.017162 0.019949
2 0.214555 0.549874 0.010561 0.015256
1 0.802372 0.524644 0.009901 0.011735
1 0.815906 0.535792 0.018479 0.017603
1 0.795443 0.534032 0.009240 0.016429
1 0.690487 0.819782 0.010557 0.017603
1 0.700060 0.840318 0.009901 0.016429
2 0.007614 0.680721 0.013862 0.014082
1 0.567047 0.738223 0.009240 0.016429
1 0.576948 0.757586 0.014521 0.017603
1 0.560117 0.749371 0.007266 0.022297
1 0.996773 0.612070 0.009245 0.017603
1 0.636029 0.648449 0.008578 0.015256
1 0.608635 0.631433 0.010562 0.021123
