2 0.270664 0.536379 0.013202 0.018776
1 0.585862 0.463035 0.016505 0.012908
1 0.586190 0.490025 0.006599 0.043420
1 0.598073 0.495893 0.009240 0.038726
1 0.617544 0.528751 0.005943 0.041072
1 0.546586 0.519363 0.006599 0.043420
0 0.497408 0.502934 0.016503 0.015256
0 0.492127 0.518189 0.012542 0.012908
0 0.512260 0.512908 0.009242 0.018776
0 0.458462 0.539313 0.011222 0.015256
0 0.567708 0.609723 0.007917 0.019950
0 0.549227 0.619111 0.013203 0.015256
0 0.438659 0.539313 0.012542 0.015256
1 0.716891 0.801005 0.019802 0.017603
1 0.696758 0.785163 0.008578 0.021123
1 0.303008 0.554569 0.010561 0.015256
1 0.582560 0.519950 0.019141 0.021123
