2 0.861453 0.346270 0.011885 0.014082
1 0.843299 0.512909 0.011224 0.014082
1 0.823497 0.511735 0.009901 0.014081
1 0.835378 0.609137 0.013859 0.018777
1 0.863102 0.609137 0.015182 0.016429
0 0.362417 0.478290 0.013202 0.015256
0 0.466713 0.399665 0.009242 0.015256
0 0.456482 0.417854 0.016503 0.016429
0 0.130062 0.650209 0.009241 0.014081
0 0.119831 0.670159 0.013863 0.018776
2 0.175609 0.382062 0.006601 0.015256
0 0.162407 0.390863 0.010561 0.009388
0 0.168348 0.399665 0.007921 0.012909
0 0.150855 0.400838 0.012542 0.012908
1 0.776299 0.606789 0.013203 0.014082
