0 0.268023 0.657250 0.029044 0.018777
0 0.451201 0.451886 0.019143 0.014081
0 0.437009 0.436631 0.007921 0.014081
0 0.431398 0.445432 0.005941 0.017603
1 0.349215 0.489438 0.010562 0.023469
1 0.328092 0.503520 0.017162 0.011735
1 0.651872 0.139146 0.005943 0.017603
1 0.699396 0.439564 0.012542 0.010562
1 0.686857 0.426069 0.005943 0.014082
1 0.388821 0.438977 0.010561 0.014082
1 0.382880 0.454820 0.010562 0.012908
1 0.366378 0.457167 0.005281 0.022296
0 0.114550 0.517602 0.013862 0.021123
0 0.100358 0.539312 0.013202 0.012908
0 0.527112 0.286421 0.009901 0.009388
0 0.602034 0.695389 0.021120 0.029338
0 0.611273 0.720033 0.013203 0.022296
0 0.577279 0.712406 0.015182 0.023470
