1 0.787523 0.501173 0.013203 0.011735
1 0.806005 0.556329 0.009240 0.035206
1 0.793792 0.527578 0.005937 0.026991
1 0.785542 0.519363 0.009240 0.029337
1 0.752536 0.526991 0.006604 0.037552
1 0.779599 0.540486 0.014521 0.015256
0 0.417536 0.109808 0.011221 0.104442
0 0.079565 0.670159 0.008581 0.016429
0 0.049200 0.689522 0.013862 0.015256
0 0.267033 0.416094 0.008581 0.008214
0 0.268353 0.423135 0.008581 0.008215
0 0.033028 0.570997 0.015842 0.015256
0 0.015865 0.567477 0.010562 0.010561
0 0.011574 0.578038 0.011222 0.012908
1 0.534703 0.617938 0.009240 0.015256
1 0.518532 0.617351 0.008583 0.014081
2 0.618865 0.600922 0.007260 0.011735
2 0.633060 0.607963 0.007922 0.011735
1 0.501368 0.661944 0.011222 0.016430
1 0.479255 0.652556 0.007921 0.016430
