1 0.871685 0.205449 0.013859 0.072757
1 0.844951 0.207209 0.007922 0.062196
1 0.817888 0.207209 0.017161 0.076278
1 0.587182 0.325147 0.027062 0.023470
0 0.407964 0.751131 0.018483 0.023470
0 0.418856 0.768147 0.012542 0.015256
0 0.351856 0.626739 0.009242 0.021123
0 0.322482 0.616764 0.027064 0.017603
0 0.321821 0.641995 0.019143 0.021123
1 0.623815 0.562196 0.013203 0.025818
1 0.588503 0.580972 0.016505 0.018776
1 0.558797 0.920701 0.016500 0.026986
1 0.574971 0.946519 0.022443 0.024648
1 0.491797 0.790444 0.014522 0.024644
1 0.795112 0.471836 0.016505 0.023470
1 0.769701 0.459514 0.018484 0.019950
1 0.760128 0.480637 0.013859 0.024644
