1 0.827789 0.544594 0.018484 0.016430
1 0.811617 0.530511 0.009901 0.016430
1 0.805674 0.539900 0.011224 0.021123
1 0.957826 0.389690 0.017161 0.014082
0 0.203333 0.411987 0.011882 0.014082
0 0.189801 0.415507 0.016503 0.014082
0 0.208614 0.419614 0.011882 0.012908
0 0.451531 0.551635 0.011882 0.014082
0 0.159767 0.650209 0.009242 0.016430
0 0.150855 0.664878 0.015182 0.017603
0 0.067683 0.864962 0.011222 0.016429
0 0.058441 0.883738 0.013862 0.016430
1 0.800062 0.644928 0.014521 0.017603
1 0.811615 0.636714 0.012542 0.019950
1 0.818216 0.649036 0.009901 0.016429
