0 0.329082 0.615591 0.021783 0.017602
0 0.312910 0.655490 0.009242 0.043419
0 0.289146 0.723554 0.007921 0.017602
0 0.331723 0.687762 0.024423 0.018777
0 0.905018 0.548700 0.018484 0.017603
2 0.878284 0.547527 0.011224 0.015256
2 0.645271 0.656077 0.016500 0.014081
2 0.417536 0.575105 0.013862 0.016430
2 0.317530 0.606203 0.007921 0.010561
0 0.456152 0.452473 0.013202 0.017603
0 0.432388 0.448952 0.009242 0.017603
0 0.627448 0.684828 0.012542 0.015256
0 0.624805 0.705364 0.015182 0.018777
0 0.601375 0.705364 0.010562 0.021123
2 0.408954 0.602095 0.009902 0.016430
1 0.464733 0.827409 0.013202 0.016430
1 0.435358 0.806873 0.011222 0.019950
1 0.439979 0.832690 0.016503 0.019949
