1 0.817557 0.369154 0.012542 0.015256
0 0.183860 0.410813 0.013862 0.014082
0 0.189801 0.419615 0.009902 0.015256
0 0.168018 0.416681 0.016503 0.016430
0 0.165378 0.647862 0.013863 0.011735
0 0.167358 0.664878 0.009902 0.019949
0 0.147225 0.670745 0.014522 0.015256
0 0.156136 0.607376 0.009902 0.017603
0 0.128412 0.612070 0.013862 0.017603
1 0.768378 0.648449 0.007922 0.017602
1 0.743956 0.659011 0.011880 0.017603
1 0.809635 0.535205 0.008583 0.014082
1 0.819206 0.549288 0.013203 0.014082
1 0.885547 0.651970 0.013865 0.017603
1 0.879935 0.666052 0.013203 0.022296
1 0.903701 0.667225 0.011880 0.017603
