0 0.293437 0.595641 0.024424 0.019949
2 0.278585 0.586253 0.009241 0.012908
0 0.349546 0.693629 0.007261 0.028164
0 0.291457 0.647275 0.011222 0.029338
0 0.275614 0.640235 0.008581 0.052808
0 0.247230 0.712992 0.008582 0.029338
0 0.296737 0.677200 0.024424 0.021123
2 0.660453 0.641994 0.019146 0.018776
0 0.563089 0.898407 0.021125 0.024644
2 0.426447 0.377955 0.013202 0.014082
2 0.442620 0.392037 0.011221 0.018776
2 0.420176 0.392624 0.009901 0.019950
2 0.395752 0.546354 0.012542 0.017602
2 0.386181 0.580972 0.011882 0.018776
2 0.922841 0.525817 0.013203 0.021123
2 0.893138 0.534619 0.018484 0.019950
1 0.848253 0.659598 0.013203 0.021123
1 0.813596 0.639061 0.011224 0.017603
1 0.821185 0.658424 0.017161 0.021123
1 0.350206 0.614417 0.015182 0.022297
1 0.319181 0.618525 0.020463 0.021123
