0 0.193432 0.635540 0.025084 0.017603
0 0.776299 0.539312 0.011880 0.024644
0 0.743294 0.545767 0.015839 0.018776
0 0.280565 0.515256 0.023764 0.011735
0 0.263072 0.525818 0.008581 0.023470
0 0.280895 0.534032 0.016503 0.014082
0 0.203003 0.763453 0.008581 0.022297
0 0.185511 0.759346 0.022443 0.016429
0 0.183860 0.777535 0.017823 0.019950
1 0.667383 0.433697 0.013203 0.019949
1 0.645599 0.431350 0.015844 0.015256
1 0.640648 0.446019 0.016505 0.018776
0 0.380570 0.614417 0.012542 0.019949
0 0.365718 0.634954 0.023764 0.016430
0 0.390802 0.625566 0.007921 0.025817
1 0.435688 0.488265 0.009241 0.016430
1 0.400043 0.498240 0.014522 0.015256
1 0.961128 0.758172 0.007922 0.018776
1 0.976969 0.783989 0.014521 0.016429
1 0.926802 0.897820 0.011885 0.021123
1 0.954529 0.910142 0.017161 0.017603
