0 0.406314 0.653143 0.023104 0.022297
0 0.398393 0.680721 0.032345 0.032858
0 0.378260 0.664292 0.015842 0.037552
0 0.425457 0.716512 0.012542 0.052808
0 0.399383 0.735876 0.017162 0.035206
0 0.337664 0.871416 0.005941 0.015256
0 0.374299 0.744677 0.007921 0.062196
0 0.406974 0.790444 0.032345 0.031684
0 0.767719 0.702431 0.013198 0.017602
0 0.727122 0.683655 0.012547 0.022296
0 0.670354 0.591534 0.007260 0.018777
0 0.693786 0.602095 0.019802 0.011735
2 0.708638 0.645515 0.009901 0.014082
2 0.916901 0.690108 0.036969 0.023470
0 0.542625 0.518190 0.011885 0.015256
0 0.548893 0.545180 0.009901 0.019949
0 0.524803 0.558089 0.011884 0.019950
1 0.631406 0.392037 0.007260 0.011735
1 0.617547 0.386756 0.013865 0.008215
1 0.614904 0.398491 0.015182 0.012908
