0 0.165378 0.723554 0.007261 0.029337
0 0.114880 0.687175 0.014522 0.036379
0 0.100358 0.684241 0.009242 0.042246
0 0.078904 0.745850 0.007261 0.031684
0 0.119171 0.717687 0.021783 0.017603
0 0.114880 0.646102 0.025084 0.019950
2 0.432058 0.673093 0.020463 0.017603
0 0.160097 0.429003 0.007261 0.015256
0 0.559128 0.656077 0.013203 0.021123
0 0.565729 0.671332 0.009240 0.016430
0 0.544607 0.670746 0.013203 0.017603
2 0.616557 0.767560 0.009240 0.016430
2 0.596094 0.771081 0.010563 0.016429
0 0.440969 0.592707 0.018483 0.016430
0 0.418526 0.584493 0.010562 0.023470
1 0.746266 0.773428 0.016500 0.021123
1 0.719531 0.772841 0.013198 0.022297
