1 0.378260 0.308131 0.014522 0.012908
1 0.520841 0.265885 0.007921 0.029338
1 0.544276 0.273513 0.008583 0.032858
0 0.436018 0.599162 0.012542 0.029338
0 0.404004 0.624392 0.007921 0.021123
0 0.165708 0.414920 0.007921 0.015256
0 0.173629 0.422549 0.006601 0.014082
0 0.426777 0.631433 0.015182 0.016430
0 0.157457 0.431937 0.012542 0.014082
1 0.414565 0.495893 0.010561 0.019950
1 0.418196 0.520537 0.019143 0.019949
1 0.443610 0.512322 0.010562 0.024644
1 0.783893 0.740570 0.009901 0.014082
1 0.757818 0.722967 0.011885 0.025818
1 0.833398 0.914251 0.013859 0.030516
1 0.868383 0.942412 0.013859 0.021120
1 0.192442 0.313999 0.008581 0.015256
1 0.188151 0.279380 0.009242 0.014082
