0 0.335683 0.617938 0.028384 0.022296
0 0.301688 0.634954 0.015842 0.037552
0 0.323141 0.645515 0.037626 0.030512
0 0.357466 0.685415 0.016503 0.061022
0 0.300038 0.719446 0.009902 0.070411
0 0.260102 0.864962 0.009241 0.018776
0 0.338984 0.767560 0.036305 0.037552
2 0.619198 0.612657 0.030365 0.023469
2 0.424797 0.397318 0.009902 0.012908
2 0.411595 0.393797 0.007261 0.010561
1 0.488826 0.583906 0.007261 0.019949
1 0.469683 0.583319 0.021783 0.014082
1 0.468693 0.605029 0.015842 0.017603
1 0.863102 0.425482 0.011224 0.015256
1 0.579919 0.359179 0.009901 0.014081
1 0.565396 0.354485 0.012542 0.009388
1 0.561768 0.364460 0.013203 0.012908
