0 0.779599 0.655490 0.014521 0.017603
0 0.446250 0.837384 0.013202 0.022296
0 0.283865 0.517603 0.009241 0.016430
0 0.276604 0.538139 0.014522 0.015256
2 0.694779 0.741156 0.011224 0.012909
2 0.708641 0.758172 0.016500 0.016430
1 0.942643 0.860268 0.013203 0.021123
1 0.912609 0.837384 0.012542 0.017602
1 0.917893 0.860268 0.015182 0.018776
1 0.451861 0.587426 0.012542 0.017603
1 0.472984 0.576865 0.007261 0.017603
1 0.858151 0.562783 0.019802 0.017603
1 0.839997 0.548700 0.009901 0.017603
