1 0.816568 0.440151 0.030365 0.021123
1 0.817888 0.553395 0.033005 0.024644
0 0.023786 0.758172 0.027724 0.025817
0 0.051840 0.779295 0.023103 0.023470
0 0.012565 0.788684 0.021123 0.025818
0 0.977299 0.733529 0.025745 0.028165
0 0.594771 0.636714 0.015844 0.026991
1 0.121151 0.991699 0.016503 0.021120
1 0.535362 0.620285 0.018484 0.026991
1 0.789500 0.504694 0.010562 0.065717
1 0.815906 0.517603 0.009240 0.030511
1 0.843630 0.505281 0.011885 0.066890
1 0.890828 0.585080 0.007260 0.031685
