0 0.085175 0.513495 0.011882 0.022296
0 0.100028 0.520537 0.024423 0.017603
0 0.156466 0.585666 0.006601 0.056329
0 0.097387 0.556328 0.013862 0.056329
0 0.082205 0.565130 0.009902 0.052808
0 0.055141 0.613831 0.009901 0.068063
0 0.104648 0.596815 0.023103 0.022296
0 0.181550 0.455406 0.021123 0.018776
0 0.175939 0.473596 0.015182 0.019950
0 0.939674 0.738810 0.017818 0.017603
0 0.921190 0.714752 0.015182 0.028164
0 0.910961 0.730008 0.011880 0.021123
0 0.869703 0.693043 0.012542 0.019950
0 0.836698 0.665465 0.013865 0.021123
0 0.840331 0.695389 0.017161 0.019949
2 0.243270 0.738223 0.020463 0.021123
1 0.544276 0.569237 0.013865 0.018776
1 0.519522 0.577452 0.011883 0.018776
