1 0.877953 0.338056 0.019802 0.014081
1 0.739005 0.737636 0.011219 0.019950
1 0.757156 0.766387 0.023760 0.021123
1 0.801714 0.505281 0.008583 0.012908
1 0.812276 0.524057 0.013865 0.012908
1 0.681904 0.541659 0.013203 0.015256
1 0.689167 0.558089 0.009240 0.015256
1 0.665073 0.556915 0.011219 0.015256
1 0.907990 0.586253 0.019146 0.015256
1 0.902708 0.600922 0.012542 0.014082
1 0.926802 0.599162 0.011885 0.017603
1 0.528763 0.765800 0.014526 0.019950
1 0.497408 0.761106 0.007261 0.019949
0 0.865414 0.660184 0.011880 0.019950
0 0.900068 0.668985 0.016500 0.018776
2 0.432388 0.774601 0.007921 0.021123
0 0.408954 0.771081 0.020463 0.011735
0 0.408624 0.789857 0.021123 0.021123
0 0.337664 0.413160 0.008581 0.016430
0 0.323472 0.411400 0.018483 0.012909
0 0.322811 0.426656 0.013202 0.015256
0 0.267033 0.371500 0.017823 0.012908
0 0.268353 0.384996 0.012542 0.016429
0 0.070653 0.524644 0.009241 0.018776
0 0.054481 0.517603 0.019143 0.014081
0 0.051510 0.534032 0.014522 0.016429
