0 0.526781 0.640235 0.009240 0.017603
0 0.558466 0.649036 0.013203 0.018776
0 0.740654 0.729421 0.006599 0.019950
0 0.762768 0.756412 0.016505 0.019950
0 0.227427 0.771668 0.013862 0.029337
0 0.239969 0.785163 0.009902 0.025817
0 0.209274 0.804526 0.018483 0.019950
2 0.614906 0.607963 0.007260 0.014081
2 0.606984 0.626153 0.013865 0.015256
2 0.579589 0.623219 0.009240 0.016430
2 0.508299 0.791031 0.022443 0.035206
1 0.729763 0.581559 0.008578 0.017603
1 0.708310 0.585079 0.019807 0.017603
1 0.678607 0.346270 0.007922 0.007041
1 0.683555 0.354485 0.005943 0.007042
1 0.670685 0.350964 0.006599 0.011735
1 0.521172 0.402012 0.008583 0.010561
1 0.496747 0.409053 0.008581 0.012908
1 0.615896 0.221291 0.005281 0.022297
1 0.821185 0.285834 0.007922 0.008215
