1 0.603354 0.209556 0.003958 0.015256
0 0.286836 0.572758 0.011222 0.016429
0 0.284855 0.595055 0.013862 0.018776
0 0.259772 0.596815 0.009901 0.015256
0 0.832078 0.684241 0.016500 0.018777
0 0.322151 0.464208 0.007921 0.010562
0 0.321821 0.475356 0.008581 0.014082
0 0.306639 0.479463 0.008581 0.012908
0 0.405324 0.484744 0.007921 0.016430
0 0.383211 0.491199 0.009902 0.015256
0 0.393772 0.583319 0.013862 0.021123
0 0.370339 0.593294 0.017162 0.017603
1 0.606654 0.299330 0.006599 0.009388
1 0.614906 0.305197 0.008583 0.009389
1 0.602365 0.305197 0.007260 0.011735
1 0.682237 0.251803 0.011224 0.008215
1 0.681576 0.258844 0.008578 0.010561
1 0.876966 0.481811 0.011224 0.012908
1 0.865083 0.470662 0.009906 0.014082
1 0.856503 0.476530 0.008578 0.014082
1 0.707982 0.368567 0.009901 0.011735
1 0.690156 0.369154 0.008583 0.010561
