0 0.338324 0.544594 0.023104 0.014081
0 0.313240 0.558089 0.013862 0.034031
0 0.332383 0.568064 0.029704 0.030511
0 0.414235 0.646102 0.005941 0.019950
0 0.359447 0.593294 0.015182 0.045768
0 0.336343 0.612070 0.016503 0.055156
0 0.316210 0.632606 0.010561 0.058676
0 0.290467 0.744090 0.010561 0.025818
0 0.350536 0.664878 0.029044 0.034032
2 0.724154 0.475943 0.022443 0.017603
0 0.364728 0.914250 0.012542 0.037555
0 0.185180 0.674266 0.031024 0.031684
0 0.193432 0.694216 0.021123 0.029338
0 0.162407 0.690695 0.011882 0.026991
2 0.406974 0.422548 0.013862 0.018776
2 0.401693 0.453060 0.009902 0.016429
0 0.657151 0.323974 0.012542 0.014082
1 0.508959 0.872003 0.030364 0.042246
1 0.500048 0.935374 0.020463 0.039901
1 0.544273 0.958255 0.020464 0.034028
1 0.272314 0.553395 0.011221 0.024644
1 0.231718 0.593294 0.017162 0.019949
1 0.661773 0.278206 0.005943 0.014081
1 0.651211 0.276446 0.013859 0.010561
1 0.647911 0.282901 0.011219 0.011735
