0 0.630417 0.372674 0.009240 0.019950
0 0.547576 0.525230 0.020464 0.017603
0 0.551867 0.544594 0.013203 0.018776
0 0.531734 0.534619 0.012542 0.024644
0 0.110919 0.382649 0.010561 0.018776
0 0.123461 0.396731 0.014522 0.018777
1 0.573979 0.690695 0.011219 0.038726
1 0.590810 0.730008 0.017161 0.023470
1 0.562099 0.700083 0.008583 0.031685
1 0.634711 0.311652 0.015182 0.015256
1 0.641307 0.735875 0.017823 0.025818
1 0.634049 0.783403 0.016505 0.034031
0 0.506319 0.196061 0.007921 0.011735
1 0.527112 0.177871 0.008578 0.010561
1 0.512590 0.271752 0.008581 0.012908
1 0.533711 0.274099 0.009901 0.015256
1 0.647581 0.319279 0.007922 0.014082
0 0.551536 0.428416 0.016500 0.021123
0 0.222806 0.769907 0.040266 0.046941
0 0.187821 0.813914 0.027064 0.041073
0 0.157456 0.881392 0.028384 0.093882
1 0.733065 0.046438 0.004620 0.022297
1 0.740656 0.031769 0.005281 0.011735
1 0.743297 0.034116 0.005281 0.016429
1 0.745935 0.047025 0.009245 0.011735
