0 0.158447 0.650796 0.009241 0.010561
0 0.154156 0.670159 0.017822 0.016429
0 0.132042 0.672506 0.014522 0.021123
0 0.444930 0.535205 0.011882 0.014082
0 0.139304 0.386756 0.009242 0.010562
0 0.145575 0.390863 0.007261 0.014082
0 0.131383 0.402599 0.011882 0.014082
0 0.059762 0.626152 0.017823 0.012908
0 0.059762 0.641408 0.012542 0.015256
1 0.848581 0.386756 0.017818 0.012908
1 0.541305 0.563956 0.010557 0.012908
1 0.712599 0.526404 0.007260 0.010562
1 0.703687 0.539900 0.010562 0.014082
1 0.956177 0.384996 0.012542 0.011735
1 0.869372 0.633780 0.007922 0.016429
1 0.853859 0.644929 0.017823 0.015256
