1 0.916242 0.399665 0.017161 0.012909
1 0.536685 0.594468 0.013203 0.015256
1 0.792802 0.534619 0.009240 0.015256
1 0.806005 0.550461 0.015844 0.014082
1 0.748576 0.689522 0.013203 0.015256
1 0.729763 0.687175 0.007266 0.015256
1 0.814255 0.714752 0.012542 0.016429
1 0.828120 0.730008 0.012542 0.016429
0 0.375289 0.709471 0.012542 0.015256
0 0.347235 0.708298 0.009241 0.019950
0 0.261752 0.669572 0.013862 0.015256
0 0.165708 0.642581 0.019803 0.010561
2 0.179240 0.644928 0.008581 0.017603
0 0.164388 0.656664 0.014522 0.015256
2 0.248220 0.661357 0.007921 0.019950
