1 0.981591 0.482397 0.011880 0.016430
1 0.992812 0.498826 0.014521 0.014082
1 0.926474 0.434870 0.012542 0.012908
1 0.637349 0.516429 0.011219 0.016429
1 0.791810 0.458341 0.009901 0.015256
1 0.781250 0.471836 0.012542 0.014082
1 0.711279 0.487092 0.011224 0.011735
1 0.706331 0.499413 0.011880 0.015256
1 0.727784 0.497653 0.015182 0.016430
0 0.136003 0.643755 0.006601 0.015256
0 0.119831 0.661944 0.012542 0.014081
0 0.255811 0.820955 0.011221 0.012908
0 0.251190 0.836798 0.013862 0.016429
0 0.373309 0.391450 0.015182 0.012908
0 0.378920 0.403186 0.010561 0.012908
0 0.362747 0.396731 0.009901 0.014082
0 0.400373 0.532858 0.011222 0.016430
0 0.370669 0.535205 0.011222 0.016429
0 0.259772 0.536966 0.009901 0.015256
0 0.248550 0.556329 0.019143 0.016430
