0 0.473974 0.580972 0.023764 0.032857
0 0.468693 0.610897 0.031685 0.034032
0 0.450541 0.594468 0.019143 0.043420
0 0.475954 0.707125 0.029044 0.026991
0 0.492127 0.642581 0.011222 0.043420
0 0.466383 0.647275 0.012542 0.043419
0 0.444930 0.663705 0.009242 0.050461
0 0.407964 0.754651 0.011882 0.044594
2 0.763430 0.622045 0.025745 0.018776
0 0.529753 0.387930 0.012547 0.015256
0 0.504009 0.372088 0.005941 0.014082
0 0.773990 0.960014 0.017823 0.068065
0 0.752867 0.966472 0.013859 0.048111
0 0.589492 0.310478 0.009245 0.015256
0 0.583880 0.321039 0.007260 0.017603
1 0.514900 0.495893 0.009241 0.022296
1 0.497078 0.519363 0.015843 0.017602
0 0.786203 0.288181 0.010563 0.017603
0 0.759138 0.288181 0.009245 0.015256
0 0.779602 0.301677 0.011880 0.014081
1 0.378260 0.661358 0.011882 0.029338
1 0.366048 0.649036 0.019143 0.037553
1 0.347235 0.676613 0.018483 0.022297
1 0.478265 0.444258 0.023104 0.012909
1 0.478265 0.463621 0.013862 0.016430
