0 0.451201 0.433110 0.011221 0.028164
0 0.405654 0.449539 0.019143 0.021123
0 0.412585 0.678374 0.015843 0.056329
0 0.459452 0.575692 0.009242 0.057502
0 0.468363 0.458340 0.009902 0.041073
0 0.485526 0.562196 0.023104 0.049287
0 0.517209 0.556915 0.012540 0.055155
0 0.496418 0.486505 0.030365 0.038726
0 0.487506 0.525818 0.036305 0.030511
0 0.466383 0.497066 0.016503 0.048114
0 0.493777 0.633194 0.035645 0.024644
0 0.974990 0.586840 0.038281 0.028165
0 0.968719 0.616177 0.023104 0.028164
1 0.366708 0.498240 0.023104 0.041072
1 0.378590 0.520536 0.017822 0.026991
1 0.338654 0.522884 0.018483 0.024644
1 0.939016 0.789857 0.033667 0.025818
1 0.891818 0.765800 0.029042 0.050461
1 0.944625 0.825062 0.036969 0.023470
