0 0.179240 0.612657 0.016503 0.058675
0 0.157786 0.600922 0.007921 0.025818
0 0.154816 0.623219 0.007261 0.035206
0 0.139304 0.605616 0.009242 0.037552
0 0.348225 0.596228 0.021783 0.016430
1 0.468693 0.498826 0.011882 0.016429
2 0.297067 0.712992 0.014522 0.015256
1 0.295087 0.738223 0.011882 0.014082
1 0.273304 0.740569 0.011882 0.018776
0 0.669695 0.514082 0.009901 0.014082
0 0.704021 0.520536 0.012542 0.015256
1 0.615896 0.544007 0.019802 0.012908
1 0.619857 0.559262 0.015839 0.017603
1 0.595432 0.551048 0.013198 0.017603
0 0.576289 0.548114 0.015839 0.016430
0 0.550547 0.553394 0.015844 0.019950
0 0.580581 0.564543 0.016505 0.018777
0 0.642299 0.545767 0.009245 0.016429
0 0.647911 0.553394 0.013865 0.015256
0 0.667383 0.560436 0.007922 0.017603
0 0.604344 0.580972 0.012542 0.016430
