0 0.118511 0.596228 0.020463 0.016430
0 0.168018 0.660771 0.007261 0.049288
0 0.117190 0.628500 0.012542 0.052808
0 0.103658 0.633194 0.007921 0.041072
0 0.080885 0.681894 0.008581 0.051634
0 0.123131 0.664292 0.021783 0.018776
0 0.356476 0.664292 0.011882 0.016430
0 0.329412 0.665465 0.010561 0.018776
0 0.206964 0.535792 0.017822 0.010562
0 0.202673 0.551048 0.011882 0.015256
0 0.411925 0.616178 0.011882 0.018776
2 0.587182 0.629673 0.017823 0.015256
2 0.589164 0.646689 0.015182 0.011735
2 0.568039 0.633780 0.009901 0.014082
2 0.425127 0.617938 0.017163 0.010561
1 0.438659 0.776362 0.005941 0.022297
1 0.417536 0.788683 0.020463 0.018776
1 0.676953 0.499413 0.012542 0.012908
1 0.445260 0.681894 0.017823 0.014082
1 0.444270 0.698910 0.014522 0.015256
