0 0.643948 0.686001 0.032344 0.022297
0 0.402023 0.734116 0.014522 0.026991
0 0.397733 0.761106 0.017823 0.022297
0 0.370339 0.770494 0.011882 0.022297
0 0.431068 0.529925 0.018482 0.012908
0 0.431398 0.547527 0.017822 0.015256
0 0.409284 0.529338 0.006601 0.016430
1 0.496418 0.798658 0.017162 0.024644
1 0.524143 0.786923 0.013204 0.026991
1 0.445260 0.605616 0.021783 0.014082
1 0.462423 0.608550 0.009902 0.022297
1 0.442289 0.624979 0.015842 0.019950
0 0.803034 0.312825 0.008578 0.010561
0 0.814583 0.319866 0.005281 0.008214
0 0.760786 0.294636 0.007260 0.009388
1 0.724151 0.308131 0.006604 0.010562
1 0.705669 0.302850 0.006599 0.009388
0 0.660781 0.296396 0.009240 0.010562
0 0.641969 0.290528 0.005937 0.010562
1 0.871023 0.293462 0.009901 0.011735
1 0.728773 0.169070 0.006599 0.018776
1 0.734714 0.166137 0.003958 0.012908
