0 0.652201 0.857920 0.029047 0.018776
1 0.618536 0.414334 0.003958 0.014082
1 0.560779 0.497653 0.009901 0.007041
1 0.562427 0.505281 0.006604 0.008215
0 0.247890 0.578625 0.007261 0.011735
0 0.234688 0.582146 0.009902 0.009388
0 0.435358 0.795138 0.019143 0.015256
2 0.457472 0.774601 0.006601 0.018777
0 0.684216 0.503521 0.005943 0.009388
0 0.697086 0.507041 0.007922 0.009388
0 0.272974 0.684828 0.011222 0.015256
0 0.266703 0.705364 0.014522 0.018777
0 0.243930 0.708885 0.008581 0.018776
