0 0.192442 0.647863 0.033665 0.016429
0 0.178580 0.685415 0.045547 0.046941
0 0.151515 0.676613 0.023104 0.048114
0 0.237659 0.700670 0.042246 0.082146
0 0.193762 0.733529 0.024424 0.072757
0 0.181880 0.751131 0.019143 0.051634
0 0.144584 0.786924 0.017162 0.120871
0 0.697417 0.481224 0.023104 0.018776
1 0.907000 0.193127 0.010562 0.024644
1 0.900398 0.279380 0.009245 0.009388
0 0.519851 0.383822 0.015183 0.011735
0 0.510610 0.366220 0.008581 0.014082
0 0.803365 0.503520 0.015844 0.018776
0 0.210595 0.389103 0.007921 0.015256
0 0.194092 0.394384 0.010562 0.011735
0 0.493777 0.304611 0.009242 0.010562
0 0.488827 0.316932 0.011222 0.014081
0 0.471664 0.315759 0.007261 0.011735
0 0.618536 0.434283 0.009240 0.016430
0 0.639000 0.431350 0.010562 0.015256
