0 0.136663 0.757586 0.022443 0.017603
0 0.163397 0.791617 0.016503 0.064544
0 0.137983 0.780469 0.006601 0.030512
0 0.134683 0.803353 0.007921 0.038726
0 0.117190 0.785750 0.009902 0.043420
0 0.343935 0.771081 0.021123 0.011735
1 0.478925 0.541073 0.008581 0.018776
1 0.447900 0.523470 0.012542 0.014082
1 0.456152 0.544006 0.013202 0.015256
0 0.733724 0.641995 0.021781 0.016429
0 0.759135 0.651383 0.014521 0.018777
0 0.731083 0.659011 0.021781 0.019949
0 0.775310 0.726488 0.011224 0.018777
0 0.810625 0.732942 0.013198 0.019950
0 0.589820 0.659011 0.015182 0.019949
0 0.576948 0.643168 0.010563 0.016429
0 0.569029 0.659011 0.009245 0.024644
0 0.655831 0.778122 0.011224 0.018776
0 0.664081 0.790444 0.007922 0.022297
0 0.641310 0.797485 0.016505 0.017603
