0 0.455822 0.416094 0.007261 0.015256
0 0.913268 0.639648 0.015182 0.018777
0 0.953539 0.656077 0.015182 0.014081
2 0.962117 0.424895 0.009901 0.014081
1 0.856172 0.621458 0.019802 0.017602
1 0.880594 0.634367 0.010563 0.017603
1 0.853862 0.637300 0.021786 0.021123
1 0.663755 0.528751 0.012542 0.012909
1 0.472984 0.436631 0.009902 0.014081
1 0.503349 0.447779 0.012542 0.012909
1 0.489157 0.452473 0.010562 0.015256
1 0.507639 0.460100 0.010562 0.016429
1 0.990503 0.336882 0.009901 0.025818
0 0.679924 0.647862 0.026401 0.021123
0 0.191452 0.784576 0.015843 0.050461
0 0.226437 0.762866 0.027724 0.021123
0 0.217855 0.798658 0.038286 0.045767
0 0.178579 0.935375 0.009902 0.032862
0 0.276604 0.853227 0.011882 0.023470
