1 0.602034 0.511148 0.019807 0.010561
1 0.604016 0.528164 0.014521 0.018777
1 0.317201 0.801592 0.011222 0.021123
1 0.286836 0.773428 0.011222 0.021123
1 0.292777 0.802179 0.015182 0.019950
1 0.473644 0.572757 0.008581 0.023470
1 0.453511 0.576278 0.021123 0.014082
1 0.450541 0.590947 0.019143 0.012908
1 0.433708 0.495893 0.011882 0.015256
1 0.398393 0.491199 0.012542 0.015256
0 0.932742 0.498826 0.017161 0.018777
0 0.705008 0.592707 0.013203 0.018776
0 0.683227 0.586253 0.011880 0.019950
0 0.410605 0.609137 0.015843 0.021123
0 0.383210 0.619698 0.017823 0.021123
0 0.245580 0.553981 0.010561 0.023470
0 0.115210 0.619698 0.016503 0.058676
0 0.091777 0.609137 0.009242 0.028164
0 0.087816 0.631433 0.007921 0.037552
0 0.070983 0.614417 0.009901 0.041073
