0 0.538664 0.559849 0.022443 0.016430
0 0.518860 0.568650 0.009239 0.019949
0 0.543286 0.580385 0.014521 0.019950
0 0.544607 0.376781 0.007922 0.009388
0 0.539323 0.389103 0.010563 0.010562
0 0.751878 0.389690 0.007922 0.011735
0 0.774320 0.397905 0.011880 0.014081
0 0.506979 0.467728 0.019803 0.012908
0 0.490477 0.471836 0.006601 0.016429
0 0.509950 0.484744 0.013862 0.018776
1 0.549224 0.516429 0.009240 0.018777
1 0.516881 0.497653 0.010561 0.014082
1 0.522492 0.520537 0.011223 0.017603
