1 0.818547 0.248869 0.006604 0.016429
0 0.502029 0.611483 0.021783 0.018776
0 0.216205 0.766974 0.012542 0.038725
0 0.238319 0.743504 0.026404 0.015256
0 0.236998 0.769321 0.029045 0.036379
0 0.215875 0.847946 0.010562 0.085666
0 0.240959 0.815674 0.013202 0.035206
0 0.275614 0.785163 0.027064 0.051635
1 0.805016 0.335122 0.008583 0.008214
1 0.888846 0.404359 0.009901 0.010562
0 0.572328 0.400252 0.009240 0.011735
0 0.578271 0.630260 0.006604 0.018777
0 0.561766 0.637888 0.014521 0.017603
0 0.519521 0.464208 0.009240 0.012908
0 0.570018 0.506454 0.008578 0.017603
0 0.543284 0.515843 0.009245 0.015256
0 0.562096 0.521710 0.016505 0.012908
0 0.505659 0.460100 0.009242 0.014082
