1 0.979281 0.410813 0.013865 0.018776
1 0.809964 0.558089 0.010562 0.015256
1 0.798083 0.547527 0.013198 0.017603
1 0.892479 0.582732 0.015844 0.015256
1 0.890167 0.596815 0.016500 0.015256
1 0.788844 0.589187 0.010562 0.016429
1 0.774982 0.574518 0.007922 0.015256
1 0.734714 0.694216 0.011885 0.015256
1 0.819206 0.765213 0.018484 0.011735
1 0.817227 0.781643 0.011880 0.014081
0 0.178249 0.650796 0.013202 0.012908
0 0.179240 0.667225 0.011222 0.015256
0 0.158447 0.669572 0.010562 0.012909
0 0.083855 0.855574 0.007921 0.021123
0 0.074284 0.874937 0.013862 0.015256
0 0.009264 0.691282 0.021123 0.014082
