1 0.695438 0.417854 0.013865 0.014082
1 0.955187 0.502347 0.010562 0.046941
1 0.939674 0.491785 0.015182 0.030511
1 0.917891 0.480050 0.021781 0.044594
1 0.471334 0.939480 0.018483 0.048114
1 0.469023 0.994046 0.016502 0.016426
1 0.584542 0.522297 0.008583 0.021123
1 0.587841 0.540486 0.011224 0.015256
1 0.605664 0.540486 0.005943 0.017602
1 0.144254 0.490025 0.009902 0.015256
1 0.122801 0.507041 0.011882 0.011735
0 0.127092 0.411987 0.013862 0.009388
0 0.127422 0.421375 0.010561 0.011735
0 0.203993 0.336295 0.009241 0.010561
0 0.190461 0.338642 0.008581 0.010562
0 0.171979 0.343337 0.007261 0.010562
0 0.180230 0.341576 0.010561 0.011735
1 0.484536 0.937134 0.013202 0.036381
