1 0.922513 0.372088 0.016505 0.016429
0 0.326442 0.638474 0.012542 0.016430
0 0.138974 0.587426 0.011221 0.017603
0 0.120821 0.592707 0.014522 0.016430
0 0.286836 0.825063 0.013862 0.018777
0 0.308289 0.818608 0.010561 0.019950
0 0.808312 0.516429 0.017823 0.014082
0 0.806664 0.531098 0.015839 0.015256
1 0.721513 0.573344 0.007922 0.017602
1 0.746594 0.571584 0.010562 0.016430
1 0.573979 0.793377 0.008583 0.014082
1 0.733721 0.704191 0.015182 0.016430
1 0.750557 0.707125 0.009240 0.015256
1 0.730422 0.718273 0.011219 0.014082
1 0.662432 0.809807 0.013865 0.016429
1 0.645271 0.792791 0.007260 0.015256
