0 0.117851 0.619111 0.012542 0.043420
0 0.141284 0.615591 0.009242 0.034031
0 0.164717 0.627326 0.016503 0.064543
0 0.303998 0.758759 0.011222 0.024644
1 0.810956 0.468902 0.019141 0.017603
1 0.834391 0.473596 0.010562 0.024644
1 0.794453 0.617938 0.017823 0.015256
1 0.816568 0.628500 0.010562 0.019949
1 0.789500 0.634954 0.014521 0.018776
1 0.807654 0.487092 0.020464 0.018776
0 0.495428 0.681307 0.015182 0.026991
0 0.529424 0.676026 0.013203 0.025818
0 0.631737 0.615591 0.023766 0.012909
0 0.647911 0.628500 0.007260 0.017603
0 0.630747 0.637888 0.016505 0.017603
0 0.742305 0.617938 0.013859 0.022296
0 0.767719 0.620285 0.014521 0.019949
0 0.558797 0.847359 0.012542 0.021123
0 0.532062 0.843839 0.014521 0.023470
1 0.283865 0.796898 0.018483 0.021124
1 0.291127 0.817435 0.011882 0.022297
1 0.260432 0.812741 0.015182 0.022296
0 0.137984 0.661357 0.022443 0.088013
