0 0.733724 0.507041 0.027063 0.023470
0 0.505989 0.565717 0.008581 0.018776
0 0.450210 0.563369 0.006601 0.023470
0 0.476285 0.586840 0.016503 0.016430
0 0.212245 0.505868 0.009902 0.025817
0 0.182870 0.510562 0.022444 0.016429
0 0.183201 0.528164 0.021783 0.018777
0 0.234358 0.728835 0.034326 0.075105
0 0.209274 0.756999 0.013202 0.051634
0 0.195742 0.754065 0.017823 0.059849
0 0.189801 0.785163 0.011221 0.032858
0 0.155146 0.809220 0.010562 0.106790
0 0.299048 0.392037 0.010561 0.009389
0 0.428097 0.531685 0.015182 0.016429
1 0.418196 0.304611 0.016503 0.012908
1 0.423147 0.316932 0.011882 0.011735
1 0.403014 0.311065 0.011222 0.014081
1 0.580911 0.390863 0.015844 0.014082
1 0.620185 0.419614 0.015182 0.017603
1 0.636690 0.430763 0.011224 0.014081
1 0.614904 0.433110 0.009901 0.018776
1 0.731081 0.722380 0.009901 0.022297
1 0.698737 0.745263 0.020464 0.025818
1 0.910630 0.137972 0.008583 0.019950
