1 0.889836 0.363873 0.017161 0.014082
0 0.163397 0.626152 0.009902 0.019949
0 0.169998 0.636127 0.011222 0.018777
0 0.152176 0.638474 0.012542 0.018776
0 0.087156 0.492372 0.010561 0.019950
0 0.094417 0.499413 0.007921 0.015256
0 0.077584 0.505281 0.012542 0.012908
0 0.295417 0.829756 0.012542 0.021123
0 0.273964 0.833277 0.014522 0.016430
1 0.804682 0.497066 0.010563 0.019949
1 0.818878 0.512908 0.015182 0.011735
1 0.800393 0.508215 0.007266 0.018776
1 0.632068 0.508214 0.012542 0.016429
1 0.950234 0.481810 0.012542 0.015256
1 0.961458 0.491199 0.013865 0.015256
2 0.821516 0.725900 0.012542 0.017603
1 0.834057 0.739983 0.013865 0.012908
