0 0.734385 0.670746 0.007260 0.017603
0 0.706328 0.690695 0.014521 0.019950
0 0.090786 0.674266 0.021783 0.019949
0 0.086826 0.605029 0.023104 0.015256
0 0.071973 0.644342 0.007921 0.039900
0 0.086166 0.653143 0.005941 0.010562
0 0.050190 0.709471 0.005281 0.015256
0 0.135343 0.687175 0.006601 0.010561
0 0.574307 0.560436 0.010562 0.012908
0 0.571669 0.582146 0.011880 0.014082
0 0.549555 0.579212 0.009901 0.015256
0 0.400373 0.525231 0.013862 0.015256
2 0.380240 0.519950 0.007921 0.014082
2 0.683557 0.691869 0.008583 0.017603
2 0.675966 0.676613 0.011880 0.015256
2 0.660122 0.696563 0.011880 0.017602
2 0.421166 0.640234 0.014522 0.015256
1 0.650880 0.757585 0.011885 0.015256
1 0.629096 0.753478 0.011880 0.016429
1 0.630089 0.522883 0.013865 0.012909
1 0.645599 0.532272 0.009240 0.012908
1 0.625466 0.535205 0.009901 0.016429
