0 0.295417 0.592707 0.024424 0.016430
2 0.281885 0.583906 0.010562 0.012908
0 0.352846 0.688935 0.007261 0.025817
0 0.294097 0.641408 0.015182 0.038726
0 0.277924 0.640234 0.009242 0.050461
0 0.249540 0.710058 0.009241 0.028165
0 0.299708 0.674853 0.023764 0.021123
2 0.662763 0.637888 0.021120 0.015256
2 0.432718 0.375021 0.011221 0.012908
2 0.448230 0.387930 0.013202 0.017603
2 0.426117 0.388517 0.012542 0.018776
2 0.399053 0.545180 0.013862 0.019949
2 0.388821 0.577452 0.010561 0.016430
2 0.925482 0.523470 0.013203 0.021123
2 0.896107 0.532271 0.019141 0.022296
1 0.831089 0.654317 0.017167 0.022296
1 0.804023 0.643755 0.011880 0.019949
1 0.343935 0.616764 0.022443 0.019949
