1 0.724154 0.382649 0.007922 0.042246
1 0.709630 0.371501 0.006604 0.015256
1 0.712602 0.384996 0.005943 0.025818
1 0.696758 0.379715 0.009901 0.041073
1 0.525132 0.410227 0.013861 0.015256
0 0.299708 0.812154 0.013202 0.014081
1 0.670352 0.541659 0.009901 0.015256
1 0.656161 0.535206 0.013198 0.011735
1 0.652201 0.548114 0.009245 0.014081
0 0.636690 0.558089 0.011224 0.015256
0 0.619857 0.555742 0.009245 0.017603
0 0.284526 0.813327 0.011882 0.018777
0 0.265713 0.815675 0.013862 0.016429
0 0.412585 0.757586 0.014522 0.017603
0 0.389481 0.751131 0.006601 0.021123
2 0.501698 0.740569 0.015843 0.016430
1 0.458792 0.670159 0.009241 0.018776
1 0.440309 0.666052 0.015842 0.012909
1 0.438989 0.678960 0.015842 0.015256
1 0.865083 0.674267 0.011219 0.015256
1 0.258782 0.791031 0.014522 0.016430
