0 0.325452 0.602682 0.023764 0.017603
0 0.312580 0.595054 0.008581 0.016429
0 0.329742 0.683655 0.025744 0.019950
0 0.280895 0.723554 0.007261 0.017602
0 0.323141 0.659597 0.009902 0.016430
0 0.307959 0.646689 0.008582 0.046941
0 0.370668 0.629086 0.009902 0.018776
0 0.352846 0.643755 0.015182 0.017603
2 0.404994 0.603856 0.015182 0.017603
2 0.384861 0.620871 0.010562 0.011735
2 0.443940 0.416681 0.017823 0.014082
2 0.422486 0.427829 0.007921 0.017603
2 0.723492 0.672506 0.018484 0.018777
1 0.632068 0.419614 0.016500 0.017603
1 0.609622 0.408466 0.015182 0.016429
1 0.602693 0.424309 0.014521 0.017603
0 0.489816 0.468902 0.007921 0.022296
0 0.457142 0.476530 0.013862 0.016430
