1 0.870365 0.301677 0.013865 0.068063
1 0.847260 0.304024 0.005938 0.056329
1 0.840659 0.302264 0.004620 0.038726
1 0.823167 0.304024 0.013198 0.065717
1 0.776299 0.383822 0.021120 0.018776
1 0.559789 0.655490 0.017161 0.019949
1 0.576620 0.630260 0.009906 0.018777
1 0.605664 0.742330 0.016505 0.022297
1 0.639659 0.747611 0.021120 0.023469
1 0.359117 0.730008 0.025084 0.011735
1 0.360437 0.751718 0.018483 0.017603
1 0.340304 0.739983 0.007261 0.024644
1 0.340964 0.711819 0.008581 0.015256
1 0.323141 0.693043 0.007261 0.015256
2 0.315550 0.711232 0.010562 0.018777
1 0.305319 0.643169 0.013862 0.018776
1 0.262082 0.661357 0.014522 0.019950
0 0.365058 0.663118 0.013202 0.021123
0 0.373309 0.640821 0.013862 0.021123
0 0.417536 0.645515 0.013862 0.018777
