2 0.893138 0.384996 0.011880 0.014082
1 0.941654 0.393210 0.011224 0.011735
1 0.919542 0.386169 0.009240 0.014081
1 0.628437 0.748784 0.011885 0.014081
1 0.610615 0.758759 0.011885 0.019950
1 0.630747 0.766974 0.011224 0.017603
1 0.859143 0.668399 0.015182 0.019949
1 0.879935 0.681894 0.017161 0.018776
1 0.853862 0.684828 0.016505 0.019950
1 0.934396 0.642581 0.012542 0.019950
0 0.107949 0.626152 0.020464 0.019949
0 0.187161 0.630846 0.011222 0.019950
0 0.157786 0.634954 0.013202 0.018776
0 0.392452 0.791618 0.015182 0.019950
0 0.317861 0.799245 0.017822 0.018776
