0 0.274294 0.544006 0.012542 0.015256
0 0.279905 0.554569 0.013202 0.015256
0 0.260102 0.552221 0.014522 0.019950
0 0.237989 0.513495 0.012542 0.015256
2 0.651211 0.409053 0.009901 0.015256
2 0.644279 0.396731 0.007922 0.016429
2 0.787852 0.514669 0.011224 0.015256
1 0.761448 0.637888 0.008583 0.012908
2 0.523152 0.721206 0.008582 0.015256
1 0.530411 0.738809 0.012542 0.015256
1 0.545924 0.737636 0.007922 0.017603
1 0.699068 0.573931 0.013198 0.016429
1 0.687188 0.580385 0.010562 0.015256
1 0.892148 0.382649 0.016505 0.016430
0 0.017185 0.657837 0.015842 0.019950
