0 0.117520 0.634367 0.014522 0.057502
0 0.096727 0.622632 0.007261 0.024644
0 0.092767 0.644928 0.007261 0.029338
0 0.077584 0.628500 0.007261 0.034032
0 0.764089 0.525230 0.011219 0.017603
0 0.797094 0.518776 0.011219 0.014082
0 0.419516 0.827410 0.008581 0.021123
0 0.402683 0.845599 0.023764 0.017603
0 0.611604 0.533445 0.013865 0.015256
0 0.596753 0.516429 0.011880 0.016429
0 0.590482 0.531685 0.012547 0.018777
0 0.554508 0.637888 0.018484 0.012908
0 0.573648 0.647863 0.009245 0.016429
0 0.551206 0.654903 0.014526 0.016429
0 0.242939 0.593294 0.009241 0.019949
1 0.525461 0.604443 0.017161 0.011735
1 0.529091 0.617938 0.015182 0.015256
1 0.506649 0.607963 0.012542 0.018776
1 0.990172 0.585666 0.014521 0.014082
1 0.961128 0.575105 0.007922 0.016430
1 0.517540 0.553395 0.018482 0.010562
1 0.516881 0.568063 0.011883 0.014082
1 0.483876 0.837971 0.010561 0.018776
0 0.139964 0.390277 0.007921 0.012909
