0 0.164388 0.644342 0.021123 0.016430
0 0.208614 0.637888 0.006601 0.059849
0 0.158777 0.603856 0.012542 0.052807
0 0.144915 0.613244 0.007261 0.045767
0 0.120491 0.657837 0.011221 0.064543
1 0.485526 0.674266 0.007261 0.017603
1 0.456482 0.652556 0.011221 0.021123
0 0.500378 0.616764 0.006601 0.015256
0 0.473644 0.632020 0.013862 0.015256
1 0.434698 0.649622 0.020463 0.015256
1 0.432058 0.665465 0.019143 0.018776
0 0.384861 0.784576 0.015842 0.019949
0 0.365058 0.775188 0.010561 0.022296
0 0.534375 0.535205 0.012542 0.016429
0 0.541964 0.546940 0.009240 0.016429
0 0.517540 0.544007 0.018482 0.017603
0 0.482555 0.766387 0.010562 0.018776
0 0.454501 0.783403 0.011221 0.022296
1 0.469023 0.525231 0.012542 0.015256
1 0.450871 0.515843 0.009241 0.015256
2 0.503679 0.441325 0.005281 0.018777
0 0.495757 0.431350 0.010561 0.015256
0 0.484866 0.444845 0.012542 0.014082
