1 0.865081 0.390864 0.015182 0.011735
1 0.765409 0.509975 0.008578 0.017603
1 0.775641 0.526404 0.015844 0.015256
0 0.068673 0.615591 0.010561 0.015256
0 0.040949 0.626739 0.013202 0.016429
0 0.207954 0.419028 0.011882 0.014081
0 0.213895 0.424309 0.009241 0.012908
0 0.195742 0.422548 0.016502 0.016430
0 0.011574 0.747611 0.015182 0.011735
0 0.011574 0.763453 0.012542 0.015256
2 0.027747 0.748784 0.006601 0.018776
0 0.088146 0.519950 0.007261 0.016429
0 0.080885 0.513495 0.009902 0.015256
0 0.069663 0.525817 0.013862 0.016429
1 0.727781 0.663118 0.012542 0.011735
