0 0.188151 0.646689 0.023764 0.016430
0 0.172969 0.688935 0.009242 0.044593
0 0.148215 0.759346 0.007261 0.016429
0 0.191782 0.721206 0.023104 0.022296
2 0.176599 0.639648 0.008581 0.011735
2 0.509620 0.677200 0.017163 0.014081
0 0.321821 0.484744 0.015182 0.016430
0 0.254821 0.579799 0.010562 0.021123
0 0.234688 0.586840 0.013862 0.018776
2 0.278255 0.602682 0.012542 0.017603
2 0.269673 0.631433 0.011222 0.016430
2 0.735703 0.559262 0.011219 0.017603
0 0.760125 0.563369 0.017823 0.018776
1 0.605992 0.383236 0.013203 0.017603
1 0.613255 0.393211 0.010562 0.016429
1 0.676294 0.539900 0.015182 0.016429
1 0.807654 0.509975 0.019141 0.017603
1 0.788841 0.502934 0.013203 0.015256
1 0.782573 0.515256 0.012542 0.018776
