1 0.816565 0.248282 0.006599 0.017603
0 0.431068 0.620872 0.022444 0.021123
0 0.236338 0.741743 0.029044 0.016429
0 0.213565 0.765213 0.016503 0.037553
0 0.236008 0.765800 0.031025 0.041072
0 0.276604 0.783990 0.022443 0.046941
0 0.238649 0.815087 0.013862 0.036379
0 0.214225 0.852640 0.009901 0.071584
1 0.933734 0.369741 0.008583 0.011735
1 0.919870 0.369154 0.007260 0.008215
1 0.892477 0.402599 0.009245 0.011734
1 0.971690 0.531098 0.013203 0.019950
1 0.977630 0.521710 0.018479 0.017603
0 0.719531 0.400251 0.009240 0.014082
0 0.737685 0.402599 0.009901 0.014082
0 0.405984 0.979380 0.023764 0.022296
0 0.856503 0.641994 0.013859 0.018776
0 0.878615 0.648449 0.009240 0.017602
0 0.539326 0.460100 0.007922 0.014082
0 0.531404 0.469489 0.009245 0.011735
0 0.571010 0.500000 0.009240 0.016430
0 0.561766 0.515256 0.015844 0.014081
