0 0.762107 0.663705 0.038943 0.029337
0 0.769698 0.699497 0.029042 0.025818
0 0.724154 0.688349 0.018484 0.029338
1 0.549227 0.774601 0.023766 0.035205
1 0.667714 0.646102 0.034990 0.026991
1 0.658471 0.681307 0.036307 0.029337
1 0.445260 0.422548 0.037626 0.023470
1 0.413575 0.500000 0.015182 0.084493
1 0.443280 0.498240 0.019143 0.076278
1 0.476615 0.496480 0.015843 0.082146
1 0.535362 0.552221 0.007922 0.031685
1 0.359777 0.566303 0.006601 0.052808
1 0.446250 0.561609 0.035646 0.026991
