0 0.121481 0.529338 0.026404 0.018776
2 0.107619 0.519950 0.011882 0.016429
0 0.181880 0.626739 0.008581 0.030511
0 0.121151 0.582146 0.012542 0.032858
0 0.103658 0.577451 0.010561 0.051634
0 0.076264 0.652556 0.008581 0.032858
0 0.127092 0.613244 0.027064 0.022296
2 0.495428 0.565717 0.021783 0.016430
0 0.155146 0.757585 0.022443 0.026991
0 0.169668 0.338056 0.011882 0.021124
0 0.146235 0.343923 0.016503 0.021123
0 0.264392 0.606202 0.016503 0.017603
0 0.250201 0.642581 0.013202 0.041072
2 0.294757 0.343336 0.013862 0.022296
2 0.271984 0.333362 0.017162 0.016429
2 0.266373 0.348031 0.013862 0.019950
1 0.631740 0.578038 0.009240 0.019949
1 0.654180 0.591534 0.013203 0.018777
1 0.478595 0.446019 0.021123 0.018776
1 0.460442 0.434870 0.011222 0.015256
