0 0.330733 0.588013 0.025084 0.021123
0 0.323801 0.616177 0.033665 0.032858
0 0.303008 0.603856 0.015843 0.041072
0 0.341294 0.721206 0.033005 0.034031
0 0.412585 0.689522 0.005281 0.041073
0 0.353836 0.644929 0.014522 0.052807
0 0.325452 0.657250 0.023764 0.065717
0 0.304989 0.683655 0.009241 0.062196
0 0.271654 0.799832 0.016502 0.043419
0 0.962779 0.501174 0.015182 0.016429
2 0.790823 0.532858 0.026406 0.016430
0 0.364398 0.528751 0.014522 0.015256
0 0.361427 0.559262 0.020463 0.024644
0 0.326112 0.569237 0.017162 0.021123
1 0.568370 0.303437 0.009240 0.012909
1 0.553516 0.299330 0.013865 0.011735
1 0.550216 0.311065 0.015182 0.011735
1 0.485196 0.857334 0.018483 0.052808
1 0.499718 0.879044 0.011882 0.039899
1 0.459122 0.897820 0.021783 0.028164
1 0.571010 0.278793 0.009240 0.010562
1 0.549885 0.275860 0.006604 0.009388
