0 0.372979 0.720620 0.027724 0.028164
0 0.365388 0.758172 0.034985 0.042246
0 0.345585 0.738809 0.016503 0.050461
0 0.398723 0.783990 0.014522 0.053981
0 0.370339 0.812740 0.013202 0.017603
0 0.344925 0.825063 0.009902 0.063369
0 0.383541 0.863201 0.033005 0.036379
0 0.488827 0.373848 0.008581 0.012908
0 0.414565 0.473596 0.007921 0.012908
0 0.403673 0.493546 0.012542 0.012908
2 0.402683 0.427242 0.013202 0.014082
2 0.878945 0.670159 0.031026 0.023470
2 0.446580 0.574518 0.011222 0.024644
2 0.457802 0.587426 0.007261 0.022297
2 0.432388 0.607376 0.014522 0.017603
1 0.649891 0.264125 0.007260 0.007042
1 0.640648 0.259431 0.009901 0.007041
1 0.638339 0.267645 0.011885 0.009388
1 0.301028 0.640821 0.010561 0.021123
1 0.275944 0.664292 0.017162 0.018776
