0 0.816568 0.701257 0.035646 0.036379
0 0.565068 0.727661 0.025083 0.028165
0 0.532064 0.761693 0.027726 0.035206
0 0.579919 0.755825 0.016505 0.032858
1 0.647909 0.755238 0.025745 0.029338
1 0.613917 0.732355 0.015844 0.032858
1 0.268023 0.678374 0.025084 0.032858
1 0.778279 0.737050 0.022443 0.032858
1 0.721513 0.749371 0.036964 0.031684
1 0.440969 0.416094 0.036966 0.024644
1 0.411265 0.492372 0.014522 0.076278
1 0.442290 0.483571 0.017162 0.093881
1 0.532393 0.569237 0.007266 0.082146
1 0.357137 0.563370 0.007921 0.056329
1 0.472654 0.486505 0.014522 0.078626
1 0.443279 0.553981 0.037626 0.028165
