0 0.184521 0.612070 0.013862 0.017603
0 0.224786 0.630260 0.012542 0.016429
0 0.195742 0.627326 0.009901 0.017602
0 0.014545 0.571584 0.010562 0.016430
0 0.021476 0.580386 0.008581 0.017603
0 0.004313 0.588600 0.009902 0.015256
0 0.340634 0.573931 0.011882 0.016429
0 0.327762 0.559262 0.011222 0.012908
0 0.321161 0.572758 0.008581 0.014082
2 0.862443 0.414920 0.011219 0.012909
2 0.953536 0.596228 0.008583 0.011735
2 0.932083 0.597988 0.010562 0.015256
2 0.927464 0.577452 0.009240 0.011735
2 0.869042 0.842078 0.012542 0.017603
2 0.865745 0.624979 0.008583 0.012908
2 0.835708 0.624979 0.009240 0.015256
