0 0.373969 0.738810 0.029705 0.029338
0 0.364728 0.779295 0.040266 0.046941
0 0.342614 0.757586 0.018483 0.052808
0 0.400373 0.810980 0.015182 0.058675
0 0.368688 0.837384 0.020463 0.036380
0 0.339974 0.855574 0.009242 0.075105
0 0.381230 0.904275 0.038946 0.036379
0 0.515230 0.396731 0.009902 0.014082
0 0.439649 0.478290 0.007921 0.015256
0 0.435358 0.503520 0.012542 0.016430
0 0.413905 0.497653 0.006601 0.016430
2 0.418526 0.446606 0.014522 0.015256
2 0.980602 0.744677 0.040266 0.031685
2 0.463083 0.603269 0.012542 0.025818
2 0.473644 0.616177 0.007261 0.021123
2 0.445260 0.636714 0.016502 0.017603
1 0.702039 0.284074 0.008578 0.009389
1 0.691148 0.278794 0.011880 0.008215
1 0.688177 0.287008 0.011219 0.010562
1 0.335023 0.640821 0.012542 0.021123
1 0.304989 0.658424 0.015842 0.021123
