0 0.200033 0.631433 0.014522 0.056329
0 0.180560 0.618525 0.004621 0.021123
0 0.177920 0.641408 0.005941 0.024644
0 0.162077 0.624979 0.007261 0.034031
0 0.524802 0.562782 0.014522 0.015256
0 0.561438 0.629086 0.009906 0.014081
0 0.311259 0.461861 0.015182 0.012908
0 0.316540 0.473596 0.009902 0.015256
0 0.297397 0.474183 0.011222 0.018777
0 0.605664 0.590360 0.019141 0.011735
0 0.605003 0.603856 0.019141 0.015256
0 0.328092 0.593294 0.009242 0.017603
1 0.662102 0.561609 0.006599 0.015256
1 0.643620 0.568063 0.018479 0.016429
1 0.630089 0.558089 0.007260 0.015256
1 0.623156 0.566890 0.005281 0.014082
1 0.586521 0.568650 0.005937 0.012908
1 0.564737 0.581559 0.011224 0.015256
1 0.434698 0.731768 0.017822 0.012908
1 0.436349 0.747611 0.011882 0.016429
1 0.417866 0.741156 0.007921 0.017603
1 0.736365 0.701257 0.013865 0.012908
1 0.719859 0.690109 0.007260 0.016429
1 0.670354 0.538726 0.011219 0.014081
