1 0.731745 0.363873 0.007260 0.032858
1 0.704680 0.365046 0.009901 0.042246
1 0.640651 0.400838 0.012542 0.015256
0 0.298058 0.752305 0.009902 0.016430
0 0.309279 0.764040 0.013862 0.014081
0 0.303338 0.781643 0.009902 0.018776
0 0.280895 0.771668 0.008582 0.015256
0 0.252181 0.487678 0.013202 0.019949
0 0.246240 0.497066 0.010562 0.015256
0 0.273634 0.739396 0.013862 0.016430
2 0.510280 0.724727 0.017162 0.017603
1 0.490807 0.608550 0.016502 0.015256
1 0.476945 0.590360 0.005941 0.018776
1 0.553518 0.411987 0.009901 0.014082
1 0.541964 0.406706 0.010562 0.010562
1 0.537013 0.414920 0.008578 0.012909
1 0.437339 0.708885 0.011222 0.014082
1 0.423807 0.700083 0.010561 0.015256
1 0.417536 0.711819 0.007261 0.017603
1 0.242609 0.785750 0.011222 0.017603
1 0.215215 0.773428 0.007921 0.016430
