0 0.181220 0.571584 0.038946 0.018776
0 0.153166 0.607963 0.013202 0.053981
0 0.182870 0.610310 0.035645 0.051634
0 0.224787 0.613244 0.029705 0.045767
0 0.203003 0.657250 0.021783 0.035205
0 0.175279 0.690109 0.023103 0.058675
0 0.174949 0.846185 0.010561 0.011735
0 0.229737 0.697737 0.033005 0.057503
2 0.459452 0.379128 0.027724 0.021123
1 0.691148 0.548114 0.017161 0.044593
1 0.711281 0.585666 0.021781 0.021123
1 0.677615 0.559849 0.012542 0.030511
1 0.468693 0.570411 0.021123 0.042247
1 0.482555 0.590360 0.015842 0.030511
1 0.446580 0.599749 0.019143 0.025818
1 0.362747 0.098659 0.009901 0.016429
1 0.336343 0.108048 0.013862 0.016429
1 0.261422 0.140906 0.009241 0.011735
1 0.265383 0.155575 0.013202 0.012908
0 0.211585 0.115675 0.012542 0.012908
0 0.217855 0.125063 0.009241 0.015256
0 0.199703 0.132691 0.009902 0.011734
0 0.514901 0.837971 0.015844 0.042246
2 0.934393 0.096899 0.011224 0.015256
2 0.915250 0.088685 0.013865 0.012909
2 0.909969 0.098659 0.017823 0.016429
