1 0.477605 0.385583 0.023103 0.024644
1 0.632398 0.299330 0.014526 0.068063
1 0.656820 0.299917 0.006599 0.062196
1 0.683224 0.297569 0.014521 0.066891
0 0.189471 0.799832 0.021123 0.029338
0 0.516880 0.783989 0.023761 0.028164
0 0.563089 0.782230 0.025083 0.026991
0 0.515561 0.744677 0.019805 0.024644
0 0.598073 0.693629 0.021125 0.025818
0 0.639331 0.683068 0.015182 0.023470
0 0.251851 0.433697 0.016503 0.017603
0 0.267033 0.406706 0.012542 0.022297
2 0.238979 0.413747 0.010561 0.022296
1 0.345585 0.462448 0.021783 0.023469
1 0.382551 0.462448 0.015182 0.028164
1 0.399383 0.545767 0.019803 0.028164
1 0.428427 0.544006 0.013202 0.026991
1 0.483876 0.622632 0.017162 0.022297
1 0.453511 0.616178 0.014522 0.023470
