2 0.990833 0.478290 0.029042 0.026991
0 0.398393 0.296396 0.016503 0.022297
0 0.360437 0.293462 0.011882 0.028165
0 0.321821 0.715926 0.019143 0.093881
0 0.370009 0.592121 0.009902 0.083319
0 0.396742 0.563369 0.025084 0.079798
0 0.431068 0.550461 0.015843 0.075105
0 0.362747 0.473596 0.007261 0.043419
0 0.413905 0.645515 0.039606 0.037553
0 0.403013 0.474769 0.033665 0.031685
0 0.398393 0.508801 0.040266 0.034032
0 0.372319 0.489438 0.018483 0.051634
0 0.956177 0.244175 0.027062 0.023470
0 0.973339 0.261777 0.013865 0.018777
0 0.947924 0.265884 0.018484 0.026991
0 0.783232 0.471249 0.020464 0.029337
0 0.790492 0.497653 0.015182 0.021123
0 0.755177 0.486505 0.018479 0.026991
1 0.551865 0.361526 0.009240 0.030511
1 0.522491 0.361526 0.028383 0.018776
1 0.520840 0.386169 0.021121 0.018776
1 0.863763 0.465968 0.017818 0.037553
1 0.875646 0.482984 0.012542 0.024644
1 0.836698 0.488265 0.023104 0.025817
