0 0.156796 0.609723 0.013863 0.015256
0 0.162407 0.620872 0.010561 0.016429
0 0.139634 0.625566 0.017823 0.018776
0 0.364728 0.650796 0.011222 0.015256
0 0.339644 0.647276 0.008581 0.015256
0 0.193102 0.371500 0.012542 0.012908
0 0.182870 0.359179 0.007921 0.011735
0 0.032698 0.820369 0.009902 0.016430
0 0.041279 0.828583 0.007261 0.018777
0 0.171318 0.555155 0.009902 0.011735
0 0.164058 0.571584 0.013862 0.014081
0 0.012234 0.637301 0.020463 0.011735
1 0.844620 0.347444 0.016500 0.011735
1 0.781253 0.470662 0.009901 0.011735
1 0.787523 0.488851 0.013203 0.012908
1 0.806333 0.481811 0.008583 0.012908
1 0.857161 0.358006 0.008583 0.011735
1 0.835049 0.359179 0.007922 0.011735
1 0.901060 0.447779 0.006599 0.010561
1 0.893469 0.465381 0.012542 0.012909
1 0.876966 0.459514 0.005943 0.012909
