2 0.963768 0.521123 0.009245 0.016430
2 0.936703 0.502934 0.010562 0.015256
2 0.941654 0.523470 0.015182 0.016430
2 0.873336 0.785163 0.011880 0.018776
1 0.870034 0.554568 0.011880 0.017603
1 0.839008 0.555155 0.011880 0.016429
0 0.123791 0.588600 0.013862 0.019950
0 0.093097 0.583319 0.010561 0.021123
0 0.239639 0.656077 0.011882 0.018776
0 0.212575 0.637888 0.011882 0.015256
0 0.213895 0.657250 0.014522 0.018777
0 0.550544 0.729421 0.011880 0.019950
0 0.563086 0.752305 0.017161 0.018776
0 0.112899 0.381475 0.013202 0.021123
0 0.094087 0.372088 0.017823 0.014082
0 0.089136 0.387930 0.017162 0.017603
