1 0.847922 0.388517 0.016500 0.018776
2 0.109599 0.695976 0.011882 0.014082
2 0.102668 0.708298 0.011222 0.015256
2 0.128082 0.705364 0.018483 0.018777
2 0.181550 0.807460 0.010561 0.016429
2 0.161087 0.816848 0.013202 0.016429
0 0.313900 0.638474 0.012542 0.011735
1 0.925154 0.620285 0.015182 0.015256
1 0.945615 0.627913 0.017823 0.016429
1 0.918880 0.633193 0.015844 0.017603
1 0.838680 0.551634 0.011224 0.016430
1 0.850891 0.563369 0.011885 0.014081
1 0.832406 0.558675 0.010562 0.016429
