1 0.450871 0.485331 0.017162 0.015256
1 0.658802 0.439564 0.009240 0.043419
1 0.645930 0.440738 0.005943 0.024644
1 0.642630 0.430763 0.005937 0.023470
1 0.627448 0.433110 0.008583 0.039899
2 0.717549 0.785750 0.011880 0.017603
2 0.724154 0.798659 0.011880 0.017603
2 0.704018 0.801005 0.013859 0.017603
1 0.691477 0.779882 0.011224 0.019950
1 0.664411 0.788684 0.012542 0.014082
1 0.379250 0.648449 0.015182 0.017602
1 0.360437 0.640821 0.014522 0.011735
1 0.356146 0.654903 0.013862 0.016429
0 0.636029 0.548114 0.016505 0.014081
0 0.614245 0.539899 0.011219 0.018776
0 0.310270 0.857920 0.010562 0.018776
0 0.291457 0.852640 0.019143 0.012909
0 0.289476 0.870243 0.016503 0.015256
