1 0.660781 0.312825 0.015844 0.015256
1 0.660781 0.344510 0.005281 0.022297
1 0.671013 0.340403 0.005943 0.030511
1 0.689167 0.380302 0.005281 0.023470
1 0.624477 0.371500 0.003964 0.024644
1 0.657482 0.366806 0.015839 0.015256
2 0.427107 0.387930 0.011882 0.015256
1 0.675966 0.460688 0.011880 0.017603
1 0.372649 0.711819 0.012542 0.017603
1 0.398723 0.714166 0.018483 0.019950
1 0.471004 0.842665 0.015182 0.018776
1 0.902380 0.645515 0.010562 0.016429
1 0.884888 0.640821 0.009901 0.018776
0 0.349215 0.690695 0.011882 0.019950
1 0.450211 0.832690 0.011882 0.019949
