1 0.981260 0.297569 0.007260 0.057502
1 0.956836 0.295809 0.015182 0.065717
1 0.774979 0.384409 0.023760 0.019950
1 0.688508 0.644342 0.017161 0.018776
1 0.553518 0.715339 0.020464 0.022297
1 0.516550 0.691869 0.015181 0.017603
1 0.518530 0.717686 0.020461 0.022296
1 0.540974 0.748197 0.024427 0.015256
1 0.547245 0.768734 0.015844 0.016429
1 0.518531 0.761106 0.012542 0.015256
0 0.481896 0.677200 0.018483 0.021123
0 0.420506 0.663705 0.022443 0.015256
0 0.399383 0.668399 0.011882 0.019949
0 0.424467 0.684828 0.015843 0.017603
