0 0.412915 0.639061 0.023104 0.022296
0 0.405654 0.667225 0.031024 0.029338
0 0.386511 0.650796 0.015182 0.036379
0 0.432388 0.700084 0.011882 0.052808
0 0.350205 0.849119 0.005941 0.015256
0 0.405324 0.726488 0.013202 0.016429
0 0.383540 0.728248 0.007921 0.059849
0 0.415885 0.771668 0.030365 0.029337
0 0.761117 0.673680 0.010557 0.018776
0 0.722500 0.662531 0.012542 0.024644
0 0.686526 0.560436 0.018479 0.012908
0 0.687516 0.577451 0.017823 0.014082
0 0.663753 0.549874 0.008578 0.019950
2 0.899740 0.667812 0.031688 0.025817
0 0.454831 0.560436 0.013202 0.022297
0 0.463083 0.575105 0.011221 0.021123
0 0.436678 0.583319 0.013862 0.018776
1 0.638008 0.360939 0.005943 0.010561
1 0.626128 0.369741 0.015182 0.011735
