1 0.756826 0.272339 0.015182 0.075105
1 0.731083 0.272339 0.007260 0.065717
1 0.723161 0.274100 0.004625 0.048114
1 0.703357 0.272926 0.015182 0.076278
2 0.773990 0.407880 0.013865 0.015256
2 0.760789 0.436044 0.015182 0.022296
2 0.557148 0.343923 0.022443 0.021123
1 0.603354 0.731182 0.014521 0.021123
1 0.613917 0.752305 0.009240 0.025817
1 0.484866 0.631433 0.011221 0.023470
1 0.459452 0.620285 0.027724 0.012908
1 0.457142 0.644342 0.017823 0.021123
1 0.102998 0.788097 0.018483 0.022297
1 0.514241 0.819195 0.017164 0.016429
1 0.570677 0.852640 0.017823 0.024644
1 0.524472 0.858507 0.027066 0.022296
0 0.472654 0.932439 0.010561 0.026992
0 0.444270 0.950042 0.019803 0.026991
0 0.393442 0.673680 0.029044 0.018776
0 0.370669 0.683068 0.008581 0.021123
0 0.397403 0.695389 0.021123 0.022297
0 0.433048 0.792791 0.014522 0.026991
0 0.473974 0.801005 0.027724 0.024644
0 0.222806 0.703604 0.016502 0.022297
0 0.230397 0.726488 0.014522 0.023469
0 0.197063 0.726488 0.019143 0.018777
