0 0.329082 0.615591 0.021783 0.017602
0 0.312910 0.655490 0.009242 0.043419
0 0.289146 0.723554 0.007921 0.017602
0 0.331723 0.687762 0.024423 0.018777
0 0.905018 0.548700 0.018484 0.017603
2 0.878284 0.547527 0.011224 0.015256
2 0.645271 0.656077 0.016500 0.014081
2 0.417536 0.575105 0.013862 0.016430
2 0.316871 0.605616 0.009241 0.011735
2 0.408954 0.601509 0.011221 0.017603
1 0.338984 0.601508 0.009902 0.015256
1 0.314560 0.602682 0.009902 0.015256
1 0.819865 0.504694 0.015844 0.018777
1 0.799073 0.501174 0.017823 0.016429
1 0.793792 0.515843 0.017823 0.019950
0 0.465393 0.446606 0.007921 0.019950
0 0.441299 0.455993 0.013862 0.017603
