1 0.402683 0.271165 0.019803 0.014082
1 0.448890 0.363286 0.005281 0.015256
1 0.417536 0.310478 0.009902 0.045767
1 0.402023 0.324560 0.007921 0.010561
1 0.386181 0.312825 0.007921 0.041072
1 0.404004 0.342750 0.021123 0.016429
1 0.210924 0.660184 0.007261 0.019950
1 0.177919 0.673093 0.015182 0.017603
2 0.099037 0.417854 0.017162 0.018777
2 0.755508 0.620285 0.020464 0.015256
2 0.753198 0.640821 0.014521 0.018776
2 0.776961 0.633780 0.007922 0.018777
2 0.386181 0.879044 0.021123 0.021123
2 0.250860 0.611483 0.013202 0.016430
2 0.238319 0.590360 0.010561 0.014081
2 0.298718 0.527577 0.020464 0.012908
2 0.301028 0.545767 0.013202 0.018776
2 0.280235 0.538139 0.008581 0.019950
0 0.563747 0.942417 0.017161 0.018778
0 0.535695 0.928917 0.009901 0.022295
