1 0.834388 0.414920 0.015839 0.015256
2 0.655500 0.435457 0.010562 0.011734
2 0.808643 0.543420 0.006599 0.011734
1 0.986211 0.667225 0.014526 0.015256
1 0.908320 0.538139 0.011880 0.010561
1 0.898089 0.528751 0.008583 0.015256
1 0.702370 0.716513 0.010562 0.015256
1 0.782901 0.734702 0.010562 0.016429
1 0.768049 0.726488 0.013859 0.014082
1 0.765078 0.739983 0.011885 0.015256
0 0.093097 0.737049 0.009241 0.016430
0 0.100358 0.747024 0.007921 0.019950
0 0.081875 0.752892 0.021123 0.015256
0 0.220826 0.615004 0.012542 0.014082
0 0.196732 0.617938 0.013202 0.012908
0 0.185181 0.667812 0.008581 0.016430
0 0.177589 0.683068 0.014522 0.014081
2 0.792802 0.547527 0.013198 0.012908
