1 0.448890 0.260017 0.018483 0.012908
1 0.494107 0.351551 0.003301 0.015256
1 0.463743 0.300503 0.008581 0.044594
1 0.447900 0.312238 0.007261 0.014082
1 0.433378 0.298743 0.007261 0.041073
1 0.449881 0.331014 0.021783 0.016429
1 0.258452 0.647275 0.008581 0.019949
1 0.224127 0.659011 0.015182 0.019949
2 0.145574 0.403186 0.017823 0.017603
2 0.823826 0.622632 0.007922 0.017603
2 0.802706 0.612070 0.022443 0.012909
2 0.798414 0.630260 0.015182 0.016429
2 0.429417 0.869069 0.020463 0.019949
2 0.284196 0.578625 0.011221 0.016430
2 0.297067 0.598575 0.013202 0.016430
2 0.344595 0.514669 0.019803 0.012908
2 0.324462 0.524057 0.007261 0.017603
2 0.347235 0.532858 0.011882 0.018776
0 0.620188 0.870243 0.013865 0.017602
0 0.617216 0.897820 0.015839 0.018776
0 0.584211 0.896646 0.013203 0.023470
