1 0.488166 0.367980 0.031024 0.017603
1 0.565727 0.505281 0.006599 0.057502
1 0.514240 0.433697 0.011882 0.071584
1 0.486846 0.440738 0.013862 0.052808
1 0.460442 0.433696 0.012542 0.069237
1 0.415555 0.498826 0.004621 0.032858
1 0.489817 0.486505 0.033005 0.024644
2 0.309939 0.799832 0.031024 0.019949
2 0.313570 0.830343 0.021123 0.029338
2 0.277595 0.815675 0.011221 0.028164
2 0.266043 0.926569 0.010561 0.024640
2 0.206964 0.907208 0.017822 0.023470
2 0.228747 0.944176 0.023104 0.029333
0 0.521501 0.802766 0.010561 0.030511
0 0.482885 0.827996 0.036305 0.031685
0 0.659133 0.823889 0.024422 0.030511
0 0.618536 0.805700 0.010562 0.031684
