1 0.859143 0.173177 0.015182 0.073931
1 0.832409 0.176698 0.007922 0.066890
1 0.804023 0.175525 0.015839 0.076279
1 0.453511 0.316932 0.029044 0.023470
0 0.686195 0.823302 0.029703 0.022297
0 0.685867 0.851466 0.022443 0.024644
0 0.461762 0.931266 0.029705 0.029339
0 0.421826 0.913076 0.011882 0.023470
0 0.412585 0.935959 0.011882 0.026990
1 0.537674 0.571584 0.027068 0.018776
1 0.545924 0.597401 0.023766 0.025818
1 0.507309 0.584493 0.021783 0.023470
1 0.456152 0.994046 0.021123 0.016426
1 0.417205 0.981139 0.015842 0.028167
1 0.539984 0.900167 0.014521 0.025818
1 0.539326 0.866135 0.017161 0.016430
1 0.504009 0.906621 0.017823 0.024644
1 0.882245 0.397904 0.019146 0.021123
