1 0.481895 0.444845 0.021123 0.014082
1 0.532393 0.547527 0.004620 0.017603
1 0.498728 0.490025 0.008581 0.050461
1 0.480245 0.502934 0.007261 0.015256
1 0.463743 0.491199 0.007261 0.048114
1 0.482885 0.525230 0.021783 0.017603
1 0.267033 0.880804 0.008581 0.019949
1 0.227427 0.894886 0.017823 0.019950
2 0.141614 0.606202 0.017823 0.017603
2 0.879276 0.844425 0.023760 0.017603
2 0.903698 0.859681 0.009240 0.022297
2 0.875646 0.867309 0.013865 0.021123
2 0.296737 0.802766 0.009902 0.014081
2 0.310270 0.826823 0.015842 0.022297
2 0.364067 0.732355 0.023104 0.011734
2 0.366378 0.752892 0.014522 0.019950
2 0.342944 0.743504 0.008581 0.019950
0 0.562755 0.788097 0.017823 0.017603
0 0.538333 0.776949 0.007260 0.021123
