1 0.782901 0.521710 0.015844 0.017603
1 0.780260 0.535205 0.010562 0.014082
1 0.757818 0.501174 0.010563 0.016429
0 0.440969 0.749371 0.013202 0.019949
0 0.259442 0.720033 0.010561 0.022296
0 0.252841 0.743503 0.011882 0.017603
1 0.849901 0.389103 0.016500 0.015256
1 0.870362 0.605029 0.015182 0.019949
1 0.889508 0.617351 0.015182 0.016430
1 0.866404 0.618525 0.015182 0.016429
0 0.205644 0.521710 0.011222 0.017603
0 0.211254 0.532858 0.009241 0.018776
0 0.192442 0.538726 0.012542 0.016430
0 0.280895 0.484158 0.011221 0.017603
0 0.284856 0.688935 0.015182 0.023470
0 0.257461 0.688935 0.013202 0.018776
