1 0.734052 0.367980 0.009240 0.043419
1 0.719531 0.358006 0.003958 0.018776
1 0.722172 0.370327 0.005281 0.029338
1 0.705997 0.362700 0.009901 0.039899
1 0.592130 0.390277 0.014521 0.012909
0 0.343274 0.806286 0.014522 0.014081
0 0.699396 0.489438 0.012542 0.014082
0 0.310599 0.786337 0.008581 0.016429
0 0.300698 0.810394 0.015182 0.017602
0 0.318851 0.744677 0.013202 0.019950
0 0.293107 0.741156 0.007921 0.019950
2 0.511600 0.723554 0.015842 0.015256
1 0.469684 0.646102 0.009902 0.017603
1 0.475295 0.658424 0.007921 0.016430
1 0.456152 0.659011 0.017162 0.015256
1 0.656820 0.534032 0.011880 0.016429
1 0.639328 0.523470 0.008583 0.016430
1 0.714581 0.633194 0.009901 0.015256
1 0.726792 0.643168 0.011885 0.009388
