2 0.840000 0.473009 0.036302 0.025817
0 0.449881 0.531685 0.015182 0.056329
0 0.392122 0.559849 0.013202 0.068063
0 0.417866 0.487678 0.038286 0.038726
0 0.424136 0.455407 0.028384 0.032858
0 0.394432 0.467728 0.015182 0.048114
0 0.430738 0.610310 0.036306 0.037552
1 0.626128 0.592707 0.032349 0.030511
1 0.631078 0.626152 0.022448 0.024644
1 0.593453 0.590947 0.019802 0.034031
1 0.265713 0.968231 0.016503 0.077444
1 0.620188 0.248869 0.017823 0.032858
1 0.585531 0.265885 0.022448 0.024644
0 0.580911 0.137972 0.010562 0.015256
0 0.514570 0.105700 0.008581 0.014082
0 0.498728 0.109221 0.011221 0.011735
0 0.495758 0.096312 0.009241 0.011735
2 0.337004 0.399078 0.025744 0.030511
2 0.346245 0.419614 0.024424 0.031684
2 0.306639 0.420788 0.021783 0.029337
