0 0.232378 0.500587 0.007921 0.015256
0 0.223136 0.514082 0.018483 0.014082
0 0.388161 0.730008 0.014522 0.016429
0 0.258122 0.569237 0.017163 0.011735
0 0.259112 0.582732 0.012542 0.012909
0 0.386181 0.367393 0.007921 0.009388
0 0.391462 0.376195 0.007921 0.012908
0 0.375619 0.380302 0.010561 0.014081
0 0.156136 0.616178 0.012542 0.011735
0 0.141284 0.633194 0.013202 0.015256
0 0.162407 0.627326 0.009241 0.012909
0 0.061742 0.640821 0.017822 0.016430
1 0.843958 0.348030 0.017823 0.012908
1 0.786531 0.479463 0.005937 0.010562
1 0.793461 0.497066 0.011880 0.012908
1 0.803695 0.808047 0.011224 0.012908
1 0.822505 0.818021 0.021125 0.016430
1 0.721841 0.567477 0.009901 0.012909
1 0.694117 0.563369 0.009901 0.014081
