2 0.862112 0.346270 0.013203 0.014082
1 0.833070 0.515843 0.013203 0.015256
1 0.796763 0.656663 0.011880 0.017603
1 0.790161 0.671919 0.013198 0.017603
1 0.819536 0.675440 0.017823 0.015256
0 0.358127 0.735289 0.015182 0.017602
0 0.331063 0.727075 0.008581 0.017603
0 0.467703 0.399078 0.008581 0.011735
0 0.457142 0.416681 0.017823 0.016430
0 0.135013 0.657837 0.009901 0.015256
0 0.125111 0.673680 0.012542 0.014081
0 0.184851 0.391450 0.011882 0.012908
2 0.162407 0.399665 0.009241 0.015256
2 0.147225 0.390277 0.013202 0.012909
2 0.143924 0.404359 0.009242 0.012908
