1 0.993471 0.288181 0.017161 0.019950
0 0.203663 0.714752 0.012542 0.021123
0 0.379580 0.457167 0.017163 0.019950
0 0.111249 0.493546 0.021783 0.019949
0 0.131052 0.507628 0.016503 0.026991
0 0.106629 0.515256 0.016503 0.025817
0 0.240299 0.712992 0.018483 0.022297
1 0.748576 0.294636 0.015839 0.016429
1 0.767719 0.309305 0.021125 0.019950
1 0.742635 0.309305 0.011885 0.019950
1 0.880924 0.487678 0.011224 0.019949
1 0.892810 0.505281 0.015182 0.017603
1 0.829768 0.593881 0.013203 0.016429
1 0.831417 0.615004 0.012542 0.018776
1 0.859802 0.618525 0.012542 0.021123
1 0.638669 0.283488 0.011224 0.024644
