0 0.030717 0.648449 0.019143 0.019950
0 0.435358 0.755238 0.015182 0.019949
0 0.408294 0.745263 0.008581 0.021123
0 0.354166 0.355658 0.016502 0.011735
0 0.353836 0.368567 0.011882 0.014082
0 0.124782 0.619698 0.009241 0.016430
0 0.131713 0.628500 0.005941 0.022297
0 0.113230 0.636127 0.013863 0.016429
0 0.262082 0.443085 0.011882 0.012908
0 0.268683 0.451886 0.009241 0.021123
0 0.249870 0.457754 0.019143 0.016430
1 0.920534 0.544594 0.009901 0.016430
1 0.900729 0.539900 0.011219 0.016429
1 0.842310 0.528751 0.011880 0.017603
1 0.813924 0.526991 0.011880 0.016430
