1 0.874654 0.228919 0.006599 0.018777
0 0.262412 0.709471 0.027064 0.015256
0 0.260102 0.739983 0.033005 0.036379
0 0.236998 0.732942 0.013202 0.041073
0 0.300038 0.751131 0.029704 0.061022
0 0.280235 0.776362 0.013862 0.045767
0 0.266703 0.766974 0.010562 0.031684
0 0.263732 0.798072 0.008581 0.021123
0 0.235678 0.819195 0.010561 0.091534
0 0.442290 0.573931 0.017162 0.023470
0 0.994133 0.398491 0.011880 0.012908
0 0.989180 0.405532 0.009901 0.010561
0 0.569359 0.416681 0.008583 0.011735
0 0.569359 0.428416 0.005937 0.011735
0 0.576292 0.434283 0.010562 0.014081
0 0.535695 0.424309 0.015182 0.012908
1 0.437999 0.365633 0.013862 0.008215
1 0.449221 0.370914 0.007261 0.014081
1 0.437009 0.377368 0.010562 0.010562
1 0.508631 0.894300 0.024426 0.042247
1 0.518861 0.920704 0.017163 0.031685
1 0.482885 0.920118 0.019143 0.025819
