2 0.862773 0.346857 0.011880 0.012908
1 0.838677 0.503520 0.017823 0.011735
1 0.839339 0.517603 0.013865 0.014081
1 0.825807 0.508801 0.006604 0.015256
1 0.847922 0.640821 0.012542 0.016430
1 0.874326 0.649036 0.019141 0.014082
0 0.261422 0.544007 0.011882 0.012908
0 0.233038 0.544006 0.010562 0.015256
0 0.467703 0.400251 0.008581 0.014082
0 0.457142 0.416094 0.016502 0.012908
0 0.129402 0.654317 0.009242 0.015256
0 0.119171 0.673093 0.013862 0.015256
0 0.175939 0.373261 0.008581 0.011735
2 0.165378 0.385583 0.007261 0.012908
2 0.151515 0.381475 0.016503 0.011734
2 0.150855 0.393797 0.011221 0.012909
1 0.748906 0.505868 0.008583 0.011735
1 0.723823 0.518189 0.012542 0.012908
0 0.037318 0.683654 0.019143 0.017603
