0 0.140294 0.587426 0.008581 0.019949
0 0.107619 0.590947 0.009241 0.017603
0 0.117520 0.596815 0.019803 0.015256
0 0.164388 0.654903 0.009242 0.016429
0 0.156136 0.670746 0.013862 0.017603
2 0.042929 0.532271 0.007921 0.015256
0 0.035008 0.524057 0.010562 0.015256
0 0.024116 0.538139 0.013862 0.017603
0 0.059432 0.870243 0.013202 0.017602
0 0.051510 0.888432 0.015843 0.018777
0 0.188811 0.585079 0.006601 0.017603
0 0.166698 0.592707 0.013862 0.016430
1 0.794122 0.624392 0.014526 0.016429
1 0.903698 0.797485 0.010562 0.017603
1 0.910958 0.816848 0.014521 0.018776
1 0.829768 0.534032 0.007922 0.016429
1 0.815906 0.526991 0.017167 0.011735
1 0.811945 0.539900 0.011880 0.016429
1 0.946935 0.497066 0.009901 0.012908
1 0.959148 0.508214 0.013203 0.016429
1 0.940664 0.505281 0.009245 0.015256
