0 0.351526 0.382649 0.011221 0.014081
0 0.357797 0.392624 0.010562 0.017603
0 0.340304 0.386756 0.011222 0.012908
0 0.323141 0.668986 0.012542 0.016429
0 0.346245 0.677787 0.016503 0.015256
0 0.317201 0.682481 0.012542 0.019949
0 0.446580 0.584493 0.013862 0.014082
0 0.133693 0.656664 0.012542 0.019950
0 0.140624 0.668985 0.010561 0.018776
0 0.119831 0.664291 0.013863 0.014082
1 0.834391 0.531685 0.010562 0.014082
1 0.840990 0.551048 0.011885 0.015256
1 0.743956 0.470662 0.013203 0.014082
1 0.740656 0.484744 0.010562 0.011735
1 0.757818 0.482984 0.009240 0.012908
1 0.564409 0.853227 0.018484 0.016430
1 0.544604 0.566890 0.011885 0.016429
0 0.030057 0.690109 0.016502 0.018777
1 0.541635 0.849706 0.011219 0.018777
