1 0.476285 0.327494 0.012542 0.018777
1 0.461432 0.333362 0.023764 0.016429
1 0.481565 0.387343 0.011221 0.058675
1 0.457802 0.426656 0.025744 0.019950
0 0.501698 0.593881 0.023764 0.025818
0 0.468363 0.573931 0.024423 0.021123
0 0.460772 0.597401 0.022443 0.028164
1 0.740654 0.827996 0.018484 0.022296
1 0.785211 0.806286 0.009901 0.023470
2 0.522823 0.538725 0.015844 0.021123
2 0.694776 0.835624 0.012542 0.021123
2 0.740984 0.863201 0.012542 0.024644
2 0.706331 0.868482 0.017161 0.025817
1 0.574641 0.934197 0.028385 0.018772
1 0.536354 0.914248 0.012542 0.023468
2 0.096397 0.466555 0.009241 0.019949
2 0.073624 0.480050 0.017822 0.021123
2 0.015535 0.471249 0.027064 0.022296
