2 0.362747 0.511148 0.013862 0.015256
1 0.617547 0.429003 0.016500 0.010561
1 0.649232 0.491785 0.005943 0.049287
1 0.628766 0.461274 0.007260 0.035206
1 0.618206 0.455994 0.007266 0.038726
1 0.614576 0.484744 0.018484 0.014081
1 0.579589 0.483571 0.005281 0.046940
0 0.577609 0.795725 0.006604 0.018777
0 0.678935 0.742917 0.015182 0.016430
2 0.428427 0.707125 0.007921 0.010562
2 0.422156 0.727074 0.011222 0.015256
2 0.401693 0.722967 0.007261 0.016429
1 0.467373 0.623219 0.009241 0.014081
1 0.460772 0.636714 0.007921 0.017603
1 0.482226 0.639061 0.012542 0.017603
2 0.790823 0.856747 0.010562 0.016430
