1 0.974659 0.384409 0.019141 0.015256
0 0.179900 0.409053 0.009902 0.015256
0 0.185511 0.418441 0.010562 0.015256
0 0.164058 0.416094 0.016503 0.015256
0 0.166698 0.653730 0.009902 0.016429
0 0.159436 0.668986 0.015182 0.016429
0 0.017515 0.519950 0.008581 0.016429
0 0.009594 0.534619 0.013862 0.015256
0 0.080885 0.866722 0.009902 0.019950
0 0.069663 0.887258 0.016503 0.018776
0 0.154156 0.622045 0.012542 0.018776
0 0.123461 0.620871 0.010561 0.018776
1 0.788841 0.701844 0.013203 0.018776
1 0.762107 0.700083 0.009901 0.019950
1 0.909971 0.809220 0.011224 0.017603
1 0.817227 0.530512 0.009245 0.014082
1 0.828448 0.542833 0.013198 0.015256
1 0.809966 0.538726 0.007922 0.016430
