2 0.206304 0.257670 0.034985 0.029338
0 0.615896 0.690695 0.018479 0.026991
0 0.633057 0.711232 0.009240 0.025818
0 0.589823 0.731181 0.028385 0.030511
0 0.418526 0.484157 0.029044 0.022296
0 0.433378 0.515842 0.016503 0.029338
0 0.379910 0.513495 0.023104 0.029337
1 0.484536 0.649623 0.025084 0.034032
1 0.447240 0.613831 0.024424 0.030511
1 0.432058 0.646102 0.015182 0.031685
1 0.509291 0.494719 0.023106 0.026991
1 0.447570 0.483571 0.013202 0.021123
1 0.755836 0.060520 0.013203 0.073931
1 0.727122 0.127411 0.037630 0.029338
1 0.813594 0.157922 0.007260 0.043419
1 0.723492 0.080470 0.014526 0.041073
1 0.693789 0.064041 0.013203 0.080972
1 0.641638 0.149707 0.006599 0.015256
