1 0.503349 0.419028 0.013862 0.014081
1 0.629427 0.384409 0.007260 0.038726
1 0.596753 0.379128 0.007922 0.032858
1 0.612927 0.350964 0.017823 0.011735
2 0.101018 0.854987 0.015842 0.017603
2 0.086166 0.873763 0.015182 0.019950
2 0.661773 0.683068 0.016505 0.011735
2 0.658471 0.699497 0.013859 0.014082
1 0.646591 0.682481 0.009901 0.015256
1 0.621505 0.694803 0.012542 0.014081
1 0.326772 0.584493 0.015843 0.014082
1 0.331393 0.597988 0.014522 0.015256
1 0.306309 0.591534 0.014522 0.018777
0 0.421166 0.556915 0.014522 0.012908
0 0.490807 0.813327 0.008581 0.023469
0 0.472324 0.812154 0.019143 0.014081
0 0.469353 0.830930 0.014522 0.016429
