2 0.774979 0.474770 0.021125 0.017603
0 0.369678 0.481224 0.009241 0.023470
0 0.350536 0.470075 0.009241 0.052808
0 0.373639 0.513495 0.026404 0.022296
0 0.423477 0.676613 0.024424 0.026991
0 0.464733 0.653730 0.014522 0.023470
0 0.681576 0.477117 0.012547 0.019950
0 0.640979 0.497653 0.009240 0.021123
0 0.670023 0.504107 0.017161 0.019950
1 0.501368 0.519363 0.012542 0.026991
1 0.490477 0.531685 0.010561 0.025818
1 0.411925 0.457167 0.022443 0.015256
1 0.408624 0.479463 0.013202 0.019949
1 0.466713 0.716512 0.015843 0.022297
1 0.491797 0.696563 0.019803 0.024644
1 0.500378 0.718860 0.014522 0.024644
1 0.518861 0.541660 0.017163 0.017603
