0 0.377930 0.702431 0.011222 0.022296
0 0.367368 0.731769 0.017823 0.019950
0 0.342284 0.721206 0.009902 0.022296
0 0.424797 0.818021 0.009902 0.025817
0 0.397733 0.840905 0.027064 0.019950
0 0.292117 0.686588 0.025744 0.018776
1 0.735375 0.438391 0.015844 0.022296
1 0.708971 0.427829 0.018484 0.019949
1 0.703687 0.442498 0.019802 0.021123
1 0.467373 0.541660 0.017163 0.019949
1 0.566719 0.653730 0.013865 0.021123
1 0.551536 0.670159 0.016500 0.021123
1 0.575958 0.667812 0.008583 0.021123
