0 0.342614 0.776362 0.011882 0.017603
0 0.319511 0.785750 0.010561 0.015256
0 0.316210 0.858507 0.009242 0.019950
0 0.295087 0.873763 0.014522 0.017603
0 0.285186 0.847946 0.010562 0.019949
0 0.597414 0.585079 0.011880 0.017603
0 0.569357 0.577452 0.009901 0.016430
1 0.550875 0.291702 0.017823 0.015256
1 0.822836 0.229506 0.013859 0.048114
1 0.858482 0.234200 0.009901 0.055156
1 0.840000 0.222465 0.007260 0.024644
1 0.667714 0.558675 0.019146 0.014082
1 0.664411 0.572171 0.017823 0.019949
1 0.402683 0.509975 0.013202 0.019950
1 0.372649 0.504694 0.009902 0.018777
1 0.546914 0.497066 0.013859 0.015256
1 0.534372 0.482397 0.008578 0.018776
1 0.576620 0.457167 0.007260 0.017603
1 0.566719 0.471249 0.013865 0.015256
