0 0.098708 0.788683 0.016503 0.018776
1 0.548234 0.274686 0.013865 0.016430
1 0.867721 0.223052 0.009901 0.053981
1 0.850560 0.211317 0.005943 0.023470
1 0.833070 0.219531 0.013203 0.046940
1 0.557477 0.395557 0.005943 0.018776
1 0.531404 0.404946 0.011880 0.016429
1 0.489157 0.686588 0.014522 0.021123
1 0.473314 0.675440 0.013202 0.019950
1 0.467043 0.691282 0.009902 0.018776
1 0.622497 0.432523 0.009245 0.015256
1 0.609953 0.421375 0.015844 0.016430
1 0.605336 0.433697 0.013203 0.017603
