1 0.922844 0.728835 0.015844 0.014082
1 0.897427 0.705951 0.012542 0.019950
1 0.889836 0.721793 0.013203 0.021123
1 0.599063 0.478290 0.007260 0.015256
1 0.852211 0.473596 0.013203 0.012908
1 0.841979 0.458341 0.007260 0.015256
1 0.835378 0.470662 0.004620 0.014082
2 0.826466 0.578625 0.007922 0.016430
2 0.809635 0.588600 0.012542 0.015256
1 0.805013 0.742917 0.009901 0.021124
1 0.778609 0.715339 0.008583 0.015256
1 0.781911 0.738810 0.012542 0.017603
1 0.959477 0.296982 0.016505 0.011735
