1 0.626458 0.765213 0.019802 0.016429
1 0.616888 0.737636 0.009901 0.015256
1 0.655831 0.757586 0.008578 0.019949
1 0.481235 0.514082 0.015842 0.014082
1 0.452851 0.514082 0.010561 0.011735
1 0.510610 0.607963 0.012542 0.014081
1 0.496748 0.594468 0.009902 0.019950
1 0.489486 0.606789 0.008581 0.016429
0 0.410605 0.728835 0.013202 0.016429
0 0.378590 0.741156 0.017822 0.019950
0 0.427767 0.599162 0.009242 0.019949
0 0.422816 0.584493 0.013862 0.016430
0 0.404664 0.597988 0.011882 0.015256
0 0.354826 0.651383 0.009902 0.016429
0 0.325782 0.665465 0.012542 0.014082
0 0.309940 0.625566 0.021783 0.016430
0 0.084185 0.636714 0.017823 0.059849
0 0.062072 0.640234 0.006601 0.045767
0 0.039629 0.648449 0.010562 0.059848
0 0.060752 0.612070 0.018483 0.017603
0 0.049530 0.603269 0.013202 0.016429
