0 0.304329 0.640234 0.014522 0.015256
0 0.423477 0.826823 0.013862 0.024644
0 0.387501 0.839144 0.025084 0.023470
0 0.637349 0.821542 0.016500 0.016430
0 0.602695 0.815674 0.007922 0.018776
0 0.381560 0.697736 0.025084 0.015256
1 0.663422 0.480637 0.021125 0.019950
1 0.690487 0.491199 0.015839 0.022297
1 0.657813 0.498240 0.017823 0.022296
1 0.486186 0.535205 0.011222 0.021123
1 0.448890 0.538725 0.013202 0.021123
1 0.537016 0.654317 0.012542 0.019950
1 0.503349 0.637301 0.011221 0.023470
1 0.512921 0.658424 0.015845 0.016430
