1 0.667383 0.423722 0.014526 0.014082
1 0.650221 0.408466 0.009245 0.018777
1 0.642961 0.420788 0.006599 0.017603
1 0.673323 0.557502 0.010562 0.016430
1 0.644281 0.548701 0.009240 0.015256
0 0.157126 0.490025 0.011882 0.017603
0 0.140294 0.477117 0.012542 0.015256
0 0.133363 0.492372 0.011882 0.017602
0 0.283535 0.434283 0.009901 0.016430
0 0.256471 0.432523 0.011222 0.017602
2 0.767391 0.583319 0.012542 0.014082
1 0.095077 0.736463 0.007921 0.017603
1 0.072303 0.748197 0.013862 0.015256
1 0.063392 0.724727 0.006601 0.026991
1 0.932083 0.289355 0.018479 0.015256
