1 0.466053 0.519950 0.013202 0.016429
1 0.433708 0.522883 0.010562 0.015256
1 0.517211 0.629673 0.009902 0.017603
1 0.500378 0.619111 0.013202 0.015256
1 0.494767 0.636714 0.009902 0.015256
0 0.294097 0.737049 0.011222 0.023470
0 0.221156 0.437218 0.009241 0.015256
0 0.208614 0.454233 0.011882 0.014082
0 0.339974 0.708298 0.011882 0.015256
1 0.378590 0.584493 0.009902 0.014082
1 0.352516 0.602095 0.009241 0.014081
0 0.377930 0.634954 0.017823 0.016430
0 0.066693 0.640234 0.015843 0.057502
0 0.043589 0.641995 0.006601 0.039899
0 0.021806 0.651383 0.009241 0.063369
0 0.043919 0.614417 0.021783 0.017603
0 0.031047 0.605029 0.011882 0.022297
