1 0.804354 0.194887 0.011219 0.049287
1 0.769701 0.189020 0.013203 0.044594
1 0.661443 0.243588 0.014521 0.015256
0 0.094747 0.795138 0.017823 0.015256
0 0.229407 0.830930 0.015182 0.016429
0 0.210594 0.818608 0.006601 0.015256
2 0.490477 0.532858 0.005281 0.016430
2 0.473314 0.542246 0.011882 0.014081
1 0.541966 0.429589 0.007922 0.014082
1 0.523151 0.426069 0.017822 0.011735
1 0.520511 0.441911 0.019144 0.015256
1 0.524802 0.640821 0.009241 0.016430
1 0.494107 0.637301 0.011222 0.016430
1 0.936375 0.620285 0.011219 0.017603
1 0.943305 0.630847 0.007922 0.017603
1 0.922182 0.636127 0.015844 0.016429
