0 0.435028 0.623805 0.014522 0.017603
0 0.457802 0.614417 0.009902 0.017603
0 0.396742 0.795725 0.021123 0.023470
0 0.424467 0.774015 0.009242 0.022296
0 0.575961 0.470075 0.009901 0.019949
0 0.607643 0.482984 0.013859 0.019950
0 0.396742 0.690109 0.027724 0.018777
1 0.898086 0.420788 0.015182 0.024644
1 0.885875 0.445432 0.025083 0.017603
1 0.854852 0.437217 0.013203 0.024644
1 0.472654 0.558089 0.015842 0.019950
1 0.438659 0.546941 0.011222 0.023470
1 0.523152 0.659597 0.013863 0.016430
1 0.497078 0.649036 0.011882 0.021123
