1 0.690159 0.411987 0.015182 0.016429
1 0.671013 0.397905 0.011224 0.016430
1 0.664083 0.408466 0.010562 0.018777
1 0.716560 0.568064 0.005943 0.018776
1 0.687846 0.577452 0.014526 0.016430
0 0.144915 0.518776 0.012542 0.014082
0 0.127752 0.504694 0.012542 0.014082
0 0.121811 0.521710 0.009902 0.015256
0 0.259442 0.458927 0.009241 0.014082
0 0.231718 0.454819 0.009242 0.015256
2 0.771018 0.581559 0.011880 0.015256
2 0.785872 0.567477 0.004620 0.019950
1 0.143595 0.715339 0.009902 0.017603
1 0.114220 0.697737 0.010561 0.019949
1 0.119831 0.718273 0.013863 0.014082
1 0.884557 0.292288 0.019802 0.014082
