1 0.636029 0.285834 0.017818 0.015256
1 0.889177 0.227746 0.010562 0.051634
1 0.871682 0.216011 0.007260 0.025818
1 0.854193 0.221878 0.015844 0.049287
1 0.697417 0.542833 0.016500 0.017603
1 0.674643 0.535205 0.017161 0.021123
1 0.670682 0.551634 0.019802 0.018776
1 0.872344 0.590947 0.011219 0.019950
1 0.862115 0.605616 0.015844 0.016430
1 0.841651 0.599748 0.009240 0.018776
1 0.582560 0.456580 0.015182 0.014082
1 0.597414 0.462448 0.011880 0.018777
1 0.578602 0.471249 0.015182 0.015256
0 0.004643 0.776948 0.011882 0.023470
