1 0.804354 0.194887 0.011219 0.049287
1 0.769701 0.189020 0.013203 0.044594
1 0.789831 0.200168 0.004620 0.024644
1 0.672664 0.249456 0.014526 0.015256
0 0.241619 0.813914 0.006601 0.015256
0 0.209604 0.801005 0.009902 0.017603
0 0.217856 0.825063 0.017162 0.018777
2 0.490807 0.531685 0.005941 0.014082
2 0.473644 0.543420 0.011222 0.016429
1 0.508959 0.636127 0.014522 0.014082
1 0.478595 0.630260 0.007921 0.016429
1 0.532724 0.455993 0.010562 0.017603
1 0.509620 0.449539 0.017163 0.011735
1 0.506319 0.464208 0.017162 0.015256
