0 0.355156 0.369154 0.010561 0.012909
0 0.344925 0.385583 0.016503 0.012908
0 0.355486 0.588013 0.008581 0.014082
0 0.355486 0.610310 0.012542 0.016430
0 0.331723 0.612070 0.011221 0.015256
0 0.601703 0.774601 0.011219 0.018777
0 0.633060 0.784576 0.011880 0.017603
0 0.266703 0.640235 0.021123 0.012908
0 0.024446 0.620871 0.009241 0.018776
0 0.037648 0.627913 0.021123 0.016429
0 0.061082 0.654903 0.017823 0.056329
0 0.038638 0.656077 0.005941 0.037552
0 0.014875 0.667812 0.011222 0.065717
