1 0.422816 0.243001 0.012542 0.016429
1 0.756167 0.203102 0.009906 0.049287
1 0.722831 0.197234 0.013203 0.049287
1 0.738672 0.191954 0.005281 0.022296
1 0.521500 0.274686 0.009239 0.018776
1 0.505659 0.271752 0.019803 0.012908
1 0.504999 0.287595 0.018483 0.014082
1 0.309609 0.274686 0.007921 0.018776
1 0.287826 0.283487 0.011882 0.015256
1 0.899078 0.548701 0.011885 0.019950
1 0.891159 0.565717 0.013203 0.016430
1 0.868714 0.563956 0.009240 0.019950
1 0.976310 0.646689 0.015839 0.016430
