0 0.538664 0.698323 0.010557 0.018776
0 0.515891 0.701844 0.013864 0.016429
0 0.500708 0.646689 0.011222 0.018776
0 0.504339 0.670159 0.013202 0.011735
0 0.634708 0.568650 0.008583 0.017603
0 0.659792 0.580972 0.012542 0.018776
1 0.652862 0.285248 0.018484 0.014082
1 0.823497 0.227159 0.013859 0.045768
1 0.857492 0.233613 0.011880 0.053981
1 0.635036 0.424309 0.019802 0.012908
1 0.634708 0.438977 0.020458 0.016429
1 0.619195 0.420201 0.006599 0.021123
1 0.652201 0.423135 0.006599 0.015256
1 0.327102 0.491786 0.012542 0.021123
1 0.589492 0.580386 0.017161 0.017603
1 0.573648 0.585666 0.009245 0.018777
1 0.593451 0.595055 0.013203 0.018776
1 0.541966 0.452473 0.018484 0.015256
1 0.544935 0.467729 0.012547 0.015256
1 0.527443 0.458340 0.009240 0.017603
1 0.839008 0.221292 0.006599 0.026991
