1 0.627117 0.498826 0.010557 0.014082
1 0.658802 0.501761 0.010562 0.017603
1 0.561438 0.538726 0.005938 0.018776
1 0.546255 0.534031 0.017823 0.011735
1 0.544935 0.549874 0.012547 0.012909
0 0.364728 0.732355 0.013862 0.016429
0 0.396413 0.701257 0.012542 0.015256
1 0.431728 0.669572 0.005281 0.012909
1 0.425127 0.660184 0.007921 0.017603
1 0.415225 0.676613 0.014522 0.012908
0 0.383540 0.636127 0.022443 0.014082
0 0.073293 0.646102 0.018483 0.059849
0 0.051840 0.646102 0.005941 0.038726
0 0.029067 0.656077 0.011882 0.061022
0 0.049200 0.615591 0.016503 0.015256
0 0.036988 0.608550 0.009241 0.012908
