1 0.506979 0.249456 0.014522 0.015256
1 0.827458 0.200755 0.008583 0.046941
1 0.792802 0.196061 0.011885 0.044594
0 0.626456 0.492372 0.011880 0.017602
0 0.591471 0.625566 0.009245 0.016430
0 0.563089 0.637301 0.006604 0.016430
0 0.582891 0.648449 0.015844 0.015256
0 0.616885 0.576278 0.011219 0.011735
0 0.615237 0.597988 0.013203 0.015256
0 0.591802 0.594468 0.009906 0.015256
1 0.523151 0.445432 0.016501 0.010562
1 0.526783 0.461274 0.017164 0.014081
1 0.501368 0.454820 0.015182 0.019949
1 0.578271 0.552808 0.010562 0.014082
1 0.546917 0.552808 0.012542 0.018777
