1 0.670682 0.260604 0.014521 0.014082
1 0.995122 0.208969 0.008578 0.049287
1 0.978951 0.216010 0.006599 0.023470
1 0.957495 0.205449 0.012542 0.046941
0 0.442289 0.758759 0.009241 0.015256
0 0.420506 0.768147 0.015842 0.012909
0 0.622495 0.762866 0.015844 0.016429
0 0.595760 0.754652 0.007260 0.016430
0 0.547906 0.744677 0.009240 0.015256
0 0.538992 0.768734 0.015182 0.016429
0 0.518201 0.759346 0.007921 0.018777
1 0.696099 0.441911 0.007260 0.015256
1 0.678276 0.438978 0.019146 0.011735
1 0.678273 0.455406 0.020464 0.016430
1 0.587513 0.532858 0.013203 0.016430
1 0.560448 0.536965 0.010562 0.017603
1 0.785211 0.494132 0.016505 0.014081
1 0.788841 0.508214 0.011880 0.016429
1 0.769370 0.502347 0.011219 0.016430
1 0.787523 0.575692 0.013203 0.015256
1 0.777289 0.559849 0.011224 0.014081
1 0.768708 0.568063 0.007260 0.014082
