1 0.583219 0.258844 0.017823 0.012909
1 0.808646 0.201341 0.010562 0.048114
1 0.793464 0.206622 0.005281 0.023470
1 0.774979 0.195474 0.013198 0.045767
0 0.427437 0.756999 0.015182 0.016429
0 0.439649 0.683654 0.010561 0.012908
0 0.437999 0.706538 0.011221 0.011735
0 0.412585 0.705364 0.013202 0.016429
1 0.501368 0.447779 0.017823 0.010561
1 0.504999 0.463621 0.018483 0.014081
1 0.479255 0.455406 0.011882 0.018776
1 0.473314 0.559262 0.013202 0.017603
1 0.782570 0.593881 0.013859 0.016429
1 0.771677 0.576865 0.010562 0.017603
1 0.763427 0.586840 0.007260 0.016430
