1 0.705669 0.266471 0.019807 0.014081
1 0.854521 0.220118 0.012542 0.050461
1 0.836370 0.207796 0.006604 0.023469
1 0.820195 0.214250 0.013859 0.045767
1 0.632070 0.572171 0.015182 0.017603
1 0.655503 0.584493 0.017161 0.018776
1 0.627117 0.585666 0.014526 0.021123
1 0.501698 0.716512 0.009242 0.022297
1 0.509620 0.729421 0.006601 0.022296
1 0.487506 0.732355 0.015182 0.016429
1 0.564740 0.457754 0.007260 0.018776
1 0.548896 0.455994 0.017823 0.015256
1 0.546914 0.470075 0.011224 0.017603
