0 0.517870 0.723554 0.007260 0.017602
0 0.499388 0.734702 0.015182 0.016429
0 0.533383 0.707125 0.014526 0.015256
0 0.514900 0.695976 0.007921 0.016429
0 0.637018 0.579212 0.009245 0.019950
0 0.663094 0.592120 0.012542 0.015256
1 0.605664 0.291115 0.019141 0.016429
1 0.857492 0.232439 0.011880 0.051634
1 0.823497 0.226572 0.013859 0.046941
1 0.647909 0.404946 0.020464 0.014082
1 0.647581 0.419028 0.021120 0.014081
1 0.632398 0.397904 0.007922 0.021123
1 0.664081 0.403772 0.007922 0.018776
1 0.338984 0.487678 0.012542 0.017603
1 0.617547 0.602095 0.008583 0.018776
1 0.596422 0.603269 0.012542 0.018777
1 0.591474 0.585079 0.010562 0.017603
1 0.547904 0.479464 0.011880 0.015256
1 0.532393 0.467728 0.008578 0.017603
1 0.839669 0.219531 0.006599 0.025818
