1 0.387171 0.430176 0.007261 0.010561
1 0.654844 0.486505 0.005281 0.017602
1 0.629427 0.489438 0.012542 0.014082
1 0.590813 0.407293 0.005281 0.014081
1 0.586193 0.424895 0.009240 0.011735
1 0.574310 0.413747 0.006599 0.017603
0 0.271654 0.410813 0.011222 0.016429
0 0.276274 0.425482 0.009902 0.012908
0 0.256801 0.426656 0.009241 0.015256
0 0.347895 0.418441 0.010561 0.015256
0 0.322811 0.421962 0.009242 0.017603
2 0.791151 0.576278 0.007260 0.016429
2 0.773659 0.588013 0.013203 0.014082
1 0.568367 0.423135 0.006599 0.015256
1 0.859802 0.299917 0.017823 0.010561
