1 0.728112 0.257083 0.018484 0.011735
1 0.941654 0.205449 0.011224 0.046941
1 0.904359 0.200755 0.011885 0.044594
0 0.675635 0.626153 0.012542 0.015256
0 0.676956 0.604443 0.009901 0.011735
0 0.652201 0.626739 0.013203 0.016429
0 0.670023 0.547527 0.013203 0.017603
0 0.564740 0.751131 0.012542 0.014082
0 0.561107 0.778709 0.014526 0.017603
0 0.536354 0.771668 0.011219 0.017603
1 0.624805 0.451300 0.020464 0.012908
1 0.622826 0.467728 0.020464 0.012908
1 0.606984 0.448365 0.007260 0.014082
1 0.640979 0.452473 0.007917 0.017603
1 0.478265 0.464795 0.011221 0.014082
1 0.448890 0.468315 0.011882 0.016429
1 0.734052 0.459514 0.009240 0.012909
1 0.745604 0.549875 0.007260 0.017603
