1 0.722831 0.258844 0.018484 0.012909
1 0.942315 0.206036 0.009901 0.045768
1 0.927792 0.211903 0.007260 0.024644
1 0.906341 0.200168 0.013203 0.048114
0 0.404334 0.698323 0.011221 0.011735
0 0.402353 0.722380 0.015182 0.012908
0 0.377600 0.720033 0.011882 0.015256
0 0.518861 0.778708 0.011882 0.015256
0 0.398393 0.792204 0.009902 0.016429
0 0.376279 0.805113 0.015842 0.016429
1 0.645602 0.440151 0.006599 0.014081
1 0.625466 0.437804 0.020464 0.011735
1 0.623156 0.451886 0.017167 0.014081
1 0.476615 0.507628 0.013202 0.015256
1 0.745604 0.536965 0.016500 0.012908
1 0.729432 0.545767 0.011885 0.016429
