0 0.402684 0.629086 0.007921 0.018776
0 0.394432 0.613244 0.011222 0.022296
0 0.376940 0.637888 0.015843 0.019949
0 0.413905 0.817435 0.022443 0.022297
0 0.375949 0.823889 0.020463 0.021124
0 0.667714 0.589187 0.013865 0.021123
0 0.632729 0.591534 0.011219 0.018777
0 0.348885 0.693042 0.027064 0.017603
1 0.699398 0.529925 0.009901 0.022297
1 0.496748 0.542247 0.009902 0.021123
1 0.463083 0.545767 0.013862 0.018776
1 0.868714 0.394384 0.017167 0.021123
1 0.876305 0.409053 0.016505 0.017603
1 0.851549 0.405532 0.018484 0.019950
