0 0.386181 0.737636 0.009241 0.019950
0 0.379250 0.748197 0.008581 0.019950
0 0.147885 0.478290 0.009242 0.017603
0 0.122471 0.463621 0.008581 0.014081
0 0.125111 0.483571 0.012542 0.014082
0 0.603354 0.754652 0.011885 0.014081
0 0.572000 0.756412 0.011219 0.015256
1 0.482886 0.633193 0.007261 0.017603
1 0.464733 0.649036 0.013202 0.014082
0 0.191122 0.609723 0.009902 0.022296
0 0.039959 0.663118 0.016502 0.061023
0 0.016195 0.663705 0.007261 0.036379
0 0.004643 0.633194 0.013202 0.019950
0 0.014215 0.636127 0.021783 0.016429
