0 0.363408 0.741743 0.016503 0.021123
0 0.330733 0.753478 0.014522 0.018777
0 0.396082 0.690696 0.013202 0.017603
0 0.367038 0.678374 0.009242 0.016429
1 0.514572 0.615591 0.012544 0.015256
1 0.500378 0.600335 0.011882 0.019950
1 0.493447 0.615004 0.008582 0.016429
0 0.403673 0.638475 0.021783 0.014082
0 0.095407 0.643168 0.016503 0.056329
0 0.073954 0.643755 0.006601 0.038726
0 0.050850 0.655490 0.009241 0.066890
0 0.072304 0.616764 0.017823 0.015256
0 0.061412 0.610310 0.009242 0.014082
0 0.105969 0.421962 0.005941 0.017603
