1 0.383540 0.425482 0.007921 0.008215
1 0.654841 0.474183 0.007922 0.014082
1 0.626786 0.482397 0.012542 0.016430
1 0.780589 0.417855 0.012542 0.011735
1 0.769701 0.406119 0.007922 0.016429
1 0.762766 0.416681 0.007260 0.018776
0 0.260102 0.434283 0.010561 0.014081
0 0.243270 0.423722 0.013862 0.014082
0 0.238318 0.438391 0.011882 0.017602
0 0.145904 0.471836 0.011882 0.016429
0 0.117851 0.466555 0.011222 0.012908
2 0.791813 0.576278 0.004625 0.016429
2 0.774320 0.584493 0.013203 0.016430
1 0.925154 0.294049 0.019141 0.012908
