1 0.804682 0.198408 0.010563 0.046940
1 0.770031 0.192540 0.012542 0.044594
1 0.789831 0.202515 0.004620 0.024644
1 0.585531 0.253563 0.018479 0.011735
0 0.404664 0.677200 0.013202 0.016430
0 0.310270 0.783989 0.010562 0.016429
0 0.278585 0.804526 0.006601 0.015256
0 0.305319 0.809807 0.015182 0.016429
2 0.490807 0.533445 0.004621 0.017603
2 0.474304 0.545181 0.011222 0.015256
1 0.532393 0.447779 0.007266 0.017603
1 0.511931 0.444845 0.017825 0.011735
1 0.509949 0.461861 0.019143 0.015256
1 0.472984 0.681894 0.009902 0.014082
1 0.441959 0.694803 0.015182 0.018776
1 0.857161 0.544594 0.013865 0.016430
1 0.860133 0.528751 0.010557 0.012909
1 0.835378 0.546354 0.009901 0.015256
