1 0.849570 0.393211 0.009245 0.018777
1 0.842641 0.413160 0.016500 0.014081
1 0.816234 0.408466 0.008583 0.018777
1 0.863432 0.674853 0.011885 0.014082
1 0.828448 0.667225 0.009240 0.019950
0 0.032698 0.603269 0.011222 0.016429
0 0.008274 0.586253 0.011222 0.012908
0 0.007284 0.607963 0.011882 0.014081
0 0.189141 0.555155 0.012542 0.014082
0 0.216535 0.552221 0.006601 0.017603
1 0.059762 0.655490 0.016503 0.015256
1 0.055141 0.641408 0.013862 0.015256
1 0.036328 0.649623 0.010562 0.017603
1 0.862773 0.292288 0.018484 0.016429
2 0.820857 0.579799 0.011224 0.014082
