1 0.804682 0.198408 0.010563 0.046940
1 0.770031 0.192540 0.012542 0.044594
1 0.789831 0.202515 0.004620 0.024644
1 0.631078 0.247109 0.017167 0.012908
0 0.312250 0.737636 0.013202 0.012908
0 0.309939 0.762280 0.013862 0.015256
2 0.490807 0.535792 0.005941 0.017603
2 0.473974 0.545767 0.013202 0.016429
1 0.519851 0.438391 0.009902 0.015256
1 0.498398 0.434870 0.017162 0.010561
1 0.496418 0.448952 0.017162 0.015256
1 0.484206 0.710645 0.008581 0.017603
1 0.458132 0.729421 0.015843 0.017602
1 0.850232 0.536379 0.018484 0.011735
1 0.853203 0.553394 0.012542 0.015256
1 0.833068 0.541073 0.009240 0.018776
