1 0.681245 0.258844 0.014521 0.015256
1 0.806664 0.201341 0.009245 0.048114
1 0.792802 0.206622 0.005281 0.023470
1 0.773000 0.197234 0.010562 0.046941
0 0.460442 0.612070 0.007261 0.012909
0 0.442289 0.622045 0.014522 0.014082
0 0.445260 0.759346 0.016502 0.016429
0 0.618206 0.525817 0.009901 0.016429
1 0.507309 0.446019 0.015182 0.011735
1 0.511271 0.461861 0.019145 0.015256
1 0.485196 0.457754 0.013202 0.018776
1 0.530414 0.556329 0.015182 0.018776
2 0.553846 0.538139 0.007922 0.017603
