1 0.608635 0.521710 0.006604 0.017603
1 0.632068 0.536379 0.017823 0.016430
1 0.920862 0.416094 0.013203 0.015256
1 0.867062 0.455994 0.008583 0.015256
1 0.845612 0.450126 0.011880 0.015256
0 0.295087 0.411400 0.009241 0.015256
0 0.279245 0.399665 0.011882 0.012909
0 0.274954 0.414920 0.011222 0.015256
0 0.162077 0.491786 0.007261 0.016429
0 0.137323 0.508214 0.014522 0.016429
2 0.792143 0.568063 0.006599 0.016429
2 0.774320 0.577451 0.011880 0.014082
1 0.743625 0.414333 0.016500 0.011735
1 0.744615 0.430763 0.011885 0.011735
1 0.730424 0.417854 0.005943 0.018777
1 0.980932 0.282900 0.019802 0.018777
