0 0.459122 0.613830 0.007261 0.021123
0 0.436018 0.624979 0.013862 0.019950
0 0.414565 0.784576 0.025084 0.019949
0 0.382551 0.766974 0.011222 0.026991
0 0.644281 0.507628 0.014521 0.019950
0 0.612266 0.496479 0.011219 0.021123
0 0.364068 0.688348 0.025744 0.019950
1 0.801055 0.435457 0.013859 0.018777
1 0.789833 0.461861 0.021781 0.017603
1 0.758477 0.455993 0.011880 0.024644
1 0.471004 0.551048 0.013862 0.019949
1 0.434698 0.546354 0.013862 0.019950
1 0.493447 0.618525 0.011221 0.018777
1 0.500708 0.639648 0.013862 0.018777
1 0.526451 0.637888 0.009901 0.024644
