0 0.366708 0.656077 0.015182 0.016430
0 0.344595 0.678374 0.011882 0.018777
0 0.368688 0.829756 0.025744 0.021123
0 0.324462 0.712992 0.012542 0.022297
0 0.289476 0.711819 0.012542 0.017603
0 0.274624 0.686001 0.026404 0.017603
1 0.736693 0.435457 0.015844 0.021123
1 0.711609 0.425482 0.018479 0.019949
1 0.706000 0.441325 0.017823 0.023469
1 0.564737 0.460101 0.013859 0.018776
1 0.527443 0.460688 0.013198 0.022297
1 0.493117 0.650796 0.022443 0.017603
1 0.494107 0.671332 0.017823 0.018776
1 0.475294 0.654903 0.010561 0.021123
