0 0.429087 0.620285 0.014522 0.017603
0 0.422486 0.783403 0.015843 0.024644
0 0.388821 0.773428 0.015843 0.025817
0 0.602693 0.553981 0.014521 0.021124
0 0.633057 0.536966 0.009240 0.019950
0 0.312910 0.689522 0.026404 0.017603
1 0.725802 0.499413 0.020458 0.022297
1 0.698737 0.482984 0.015182 0.019950
1 0.691146 0.501760 0.014521 0.022296
1 0.482886 0.543420 0.013862 0.018777
1 0.444930 0.538139 0.010561 0.019950
1 0.873664 0.809807 0.015182 0.021123
1 0.885875 0.833863 0.021125 0.024644
