0 0.666724 0.735289 0.009240 0.015256
0 0.668372 0.758759 0.009901 0.017603
0 0.649229 0.765800 0.012542 0.017603
0 0.638008 0.664292 0.009901 0.016430
0 0.615896 0.668986 0.011885 0.016429
0 0.745604 0.681894 0.013865 0.018776
1 0.656490 0.269405 0.012542 0.017603
1 0.984232 0.224225 0.006599 0.025817
1 0.964758 0.230093 0.013859 0.049287
1 0.748904 0.451300 0.015182 0.012908
1 0.729763 0.433696 0.015182 0.015256
1 0.721841 0.441911 0.016505 0.019950
1 0.446910 0.485918 0.013202 0.016429
1 0.691148 0.576278 0.011880 0.014082
1 0.669034 0.579799 0.009901 0.016429
1 0.774318 0.544594 0.010562 0.016430
1 0.770359 0.563370 0.013198 0.021123
1 0.748906 0.562196 0.011219 0.016429
