0 0.417866 0.740570 0.006601 0.021123
0 0.399383 0.758172 0.019803 0.018776
0 0.273304 0.439564 0.009241 0.017603
0 0.280235 0.460100 0.012542 0.014082
0 0.473314 0.684241 0.013202 0.016429
0 0.444270 0.667812 0.007921 0.016430
1 0.551206 0.629673 0.011880 0.012908
1 0.537674 0.615591 0.009901 0.017602
1 0.529753 0.628500 0.009901 0.022297
0 0.350205 0.637888 0.017822 0.012908
0 0.127422 0.645515 0.015843 0.058675
0 0.105309 0.648449 0.004620 0.045767
0 0.081545 0.657837 0.011222 0.064543
0 0.105639 0.619111 0.018483 0.015256
0 0.093427 0.610897 0.011221 0.017603
