1 0.899740 0.469489 0.009240 0.016430
1 0.874326 0.470662 0.019141 0.016430
1 0.867062 0.447192 0.008583 0.016429
1 0.600383 0.486505 0.013859 0.017602
1 0.929115 0.664878 0.012542 0.015256
1 0.911289 0.652556 0.015182 0.018776
1 0.904359 0.667225 0.010562 0.017603
0 0.134023 0.969991 0.018483 0.022296
0 0.096067 0.971167 0.015182 0.024648
0 0.256471 0.837971 0.008581 0.016429
0 0.248880 0.865548 0.013202 0.015256
0 0.224457 0.857920 0.006601 0.018776
0 0.548237 0.786337 0.015182 0.016429
0 0.449220 0.808047 0.008581 0.017603
1 0.805674 0.674266 0.011224 0.012908
1 0.789172 0.660771 0.012542 0.016429
1 0.782240 0.676613 0.010562 0.019949
1 0.940995 0.292875 0.020458 0.017603
0 0.419516 0.823302 0.008581 0.017603
