1 0.446910 0.250629 0.009241 0.015256
1 0.425127 0.260017 0.015842 0.015256
1 0.238649 0.279380 0.011221 0.016429
1 0.210264 0.282314 0.009902 0.015256
1 0.880266 0.641995 0.008583 0.016429
1 0.857492 0.645515 0.010557 0.016429
1 0.847922 0.524644 0.012542 0.016430
1 0.845281 0.542833 0.011219 0.012908
1 0.823167 0.545767 0.009240 0.018776
1 0.366048 0.265884 0.013862 0.015256
1 0.666393 0.201341 0.009901 0.048114
1 0.649562 0.189019 0.005281 0.023470
1 0.634049 0.194887 0.011224 0.051634
