0 0.504009 0.454233 0.028384 0.028164
0 0.496088 0.482397 0.029704 0.035206
0 0.392782 0.687175 0.025084 0.029337
0 0.349545 0.655490 0.008581 0.031684
1 0.665404 0.368567 0.017161 0.030511
1 0.613914 0.349204 0.031682 0.022296
1 0.605664 0.374434 0.034984 0.030511
1 0.342284 0.581559 0.012542 0.024644
1 0.601703 0.806287 0.012542 0.032858
1 0.628109 0.829170 0.023104 0.029338
0 0.572990 0.523470 0.019802 0.044594
0 0.546255 0.517016 0.012542 0.073931
0 0.664081 0.599749 0.007922 0.051634
0 0.497738 0.619698 0.010562 0.051635
