1 0.907990 0.032943 0.034990 0.025817
0 0.370668 0.626739 0.033665 0.025818
0 0.379250 0.659011 0.020463 0.031684
0 0.531732 0.697150 0.034984 0.035206
0 0.523482 0.731181 0.022443 0.035206
0 0.570018 0.716512 0.015182 0.029338
1 0.458792 0.577452 0.031685 0.035206
1 0.406974 0.539899 0.025744 0.030511
1 0.393442 0.566890 0.021123 0.037553
1 0.576620 0.633194 0.021781 0.029337
1 0.587180 0.681307 0.020464 0.026991
1 0.632398 0.677200 0.015839 0.028165
1 0.761117 0.470662 0.029047 0.025818
1 0.789503 0.498240 0.018484 0.029337
1 0.749896 0.501760 0.019802 0.029337
