1 0.971359 0.152641 0.024427 0.021123
0 0.204984 0.671333 0.017822 0.021123
0 0.161417 0.664878 0.013862 0.022297
0 0.510279 0.799245 0.011882 0.023470
0 0.497078 0.832104 0.018483 0.023470
0 0.468033 0.821542 0.007921 0.023470
0 0.522492 0.762867 0.011223 0.023470
1 0.671344 0.387930 0.025083 0.019950
1 0.673654 0.406706 0.024422 0.022297
1 0.636359 0.393797 0.014521 0.029337
1 0.614576 0.353898 0.007922 0.022296
1 0.693458 0.282314 0.019146 0.019950
1 0.710289 0.295222 0.013203 0.019950
1 0.687846 0.302263 0.014526 0.019949
