0 0.342284 0.517603 0.020463 0.030511
0 0.355156 0.542833 0.013202 0.026991
0 0.552195 0.694803 0.020464 0.025817
0 0.526781 0.656077 0.014521 0.028165
0 0.511600 0.677787 0.010561 0.026991
1 0.419186 0.512322 0.022444 0.029338
1 0.465723 0.546940 0.029704 0.032858
1 0.405324 0.535205 0.022443 0.032858
1 0.261752 0.475356 0.012542 0.023470
1 0.721510 0.766387 0.021125 0.028165
1 0.683885 0.707125 0.018479 0.029338
1 0.686195 0.756412 0.016505 0.029337
1 0.768708 0.494719 0.016500 0.026991
1 0.741974 0.468902 0.021125 0.029338
1 0.730753 0.495306 0.015839 0.030512
