0 0.268353 0.659011 0.016502 0.019949
0 0.228747 0.653730 0.013862 0.021123
0 0.277265 0.806873 0.009242 0.024644
0 0.253831 0.826236 0.017822 0.021123
0 0.237658 0.803939 0.006601 0.025818
0 0.322811 0.724140 0.011882 0.028164
0 0.334033 0.739983 0.009241 0.026991
0 0.307959 0.754652 0.017822 0.018776
1 0.699068 0.396144 0.021125 0.015256
1 0.701378 0.414334 0.021786 0.021123
1 0.665073 0.406119 0.012542 0.025818
1 0.642628 0.364460 0.009901 0.022297
1 0.741977 0.307544 0.013203 0.016430
1 0.727122 0.289941 0.011224 0.021123
1 0.718539 0.305197 0.009901 0.016430
