0 0.515890 0.475943 0.031023 0.026991
0 0.506979 0.508215 0.030365 0.030511
0 0.382221 0.730008 0.011882 0.030511
0 0.435028 0.758172 0.023764 0.030511
1 0.739664 0.342162 0.020464 0.029338
1 0.687846 0.315759 0.029047 0.018777
1 0.679596 0.338056 0.031026 0.032857
1 0.340964 0.667225 0.024424 0.031685
1 0.315550 0.644342 0.010562 0.032858
0 0.576620 0.502934 0.020458 0.088014
0 0.667383 0.588600 0.007922 0.076278
0 0.550214 0.519363 0.012542 0.076278
0 0.502359 0.608550 0.009241 0.073931
