0 0.272974 0.475943 0.023104 0.019949
0 0.253831 0.449539 0.012542 0.023470
0 0.311260 0.595641 0.016503 0.019949
0 0.275614 0.584493 0.009902 0.021123
0 0.288486 0.637888 0.013202 0.019949
0 0.281885 0.670159 0.015842 0.021123
0 0.253501 0.666052 0.007921 0.022296
0 0.253831 0.492959 0.020463 0.018776
0 0.231718 0.508215 0.013202 0.018776
0 0.260762 0.512908 0.014522 0.018776
1 0.974661 0.467142 0.023104 0.018776
1 0.977961 0.488851 0.025745 0.024644
1 0.939344 0.474182 0.015844 0.023470
1 0.847260 0.359766 0.013865 0.019950
1 0.499718 0.696563 0.010561 0.022296
1 0.480245 0.709472 0.015182 0.019949
