0 0.548565 0.745263 0.034328 0.021123
0 0.547576 0.779295 0.021786 0.025817
2 0.618867 0.840318 0.019141 0.028164
2 0.573979 0.839145 0.016500 0.032858
2 0.584542 0.814501 0.023104 0.025817
1 0.557477 0.443671 0.033661 0.016430
1 0.558469 0.471836 0.035646 0.028164
1 0.515230 0.445432 0.007261 0.031684
1 0.319841 0.377368 0.017822 0.024644
1 0.521831 0.613244 0.009901 0.031685
1 0.485856 0.629086 0.022443 0.023470
1 0.468363 0.589774 0.013862 0.031684
1 0.739003 0.340989 0.015182 0.024644
1 0.712930 0.318693 0.023766 0.029337
1 0.704349 0.345683 0.017167 0.024644
0 0.578930 0.754065 0.009245 0.029338
