0 0.268023 0.710645 0.014522 0.015256
0 0.236008 0.703017 0.009902 0.021123
0 0.499058 0.818608 0.011882 0.022296
0 0.492457 0.846186 0.015842 0.021123
0 0.467043 0.840905 0.011222 0.019950
0 0.186831 0.730008 0.018483 0.016429
0 0.192442 0.745850 0.013862 0.017603
0 0.168348 0.747024 0.013202 0.019950
1 0.636029 0.495893 0.019141 0.015256
1 0.639659 0.508801 0.018484 0.019949
1 0.609625 0.501173 0.013865 0.023470
1 0.590154 0.468315 0.013203 0.016429
1 0.831750 0.646102 0.010562 0.019950
1 0.821846 0.666051 0.014526 0.017603
1 0.800393 0.660184 0.009901 0.019950
1 0.685536 0.426656 0.005938 0.022296
1 0.657810 0.414334 0.009901 0.016429
1 0.667714 0.432523 0.012542 0.017602
