0 0.464403 0.448952 0.019143 0.038725
0 0.422486 0.436044 0.035645 0.024644
0 0.413905 0.465969 0.031685 0.030511
0 0.337664 0.602682 0.011222 0.031685
0 0.380570 0.635540 0.025744 0.029338
1 0.615237 0.339229 0.023766 0.028164
1 0.565068 0.309305 0.026406 0.022296
1 0.552857 0.329841 0.027068 0.030511
1 0.344924 0.566303 0.021783 0.024644
1 0.323802 0.526404 0.019143 0.026991
1 0.542625 0.810980 0.009240 0.032858
1 0.567708 0.833277 0.022448 0.028165
0 0.515891 0.531098 0.019144 0.036379
0 0.488166 0.519363 0.012542 0.073931
0 0.440639 0.637301 0.008581 0.023470
