0 0.608305 0.671332 0.011224 0.023470
0 0.172969 0.620871 0.018482 0.072757
0 0.155146 0.627913 0.006601 0.051634
0 0.146235 0.622045 0.005941 0.056329
0 0.140954 0.644929 0.005941 0.022296
0 0.117521 0.632020 0.018483 0.078625
0 0.846930 0.366807 0.013203 0.017603
0 0.813924 0.370913 0.011880 0.021123
1 0.234358 0.482397 0.025084 0.011735
1 0.233698 0.499413 0.026404 0.019950
1 0.537674 0.640821 0.015182 0.021123
1 0.710620 0.627326 0.007260 0.017602
1 0.695768 0.616764 0.023766 0.017603
1 0.694448 0.638474 0.017167 0.018776
1 0.617875 0.544006 0.010562 0.019950
1 0.601372 0.531685 0.022443 0.014082
1 0.597742 0.553981 0.016505 0.018776
2 0.766068 0.392624 0.017823 0.012908
2 0.771349 0.409640 0.017823 0.018776
2 0.740987 0.403772 0.015182 0.018776
