0 0.351856 0.540486 0.009242 0.022296
0 0.186501 0.630260 0.019143 0.072758
0 0.159767 0.629086 0.007921 0.053981
0 0.153166 0.654317 0.005281 0.019950
0 0.129402 0.643755 0.018483 0.085666
0 0.780591 0.431350 0.013859 0.019949
0 0.746266 0.440151 0.013865 0.021123
1 0.221486 0.555742 0.021783 0.017603
1 0.230067 0.574518 0.020463 0.019949
1 0.184851 0.577451 0.021123 0.021123
1 0.862445 0.813327 0.015182 0.018777
1 0.845609 0.840905 0.021125 0.019950
2 0.719203 0.465381 0.017823 0.017602
2 0.727453 0.483571 0.011885 0.016429
2 0.693128 0.487092 0.018484 0.018776
