1 0.980271 0.248282 0.030365 0.022297
0 0.297397 0.619111 0.017823 0.022296
0 0.755508 0.639648 0.016505 0.028164
0 0.714250 0.639648 0.017167 0.028164
1 0.383210 0.591534 0.032345 0.025818
1 0.382880 0.565130 0.030365 0.022296
1 0.423477 0.565717 0.007261 0.028165
1 0.520182 0.519363 0.019804 0.026991
1 0.472984 0.509975 0.012542 0.026991
1 0.688177 0.578038 0.024427 0.024644
1 0.697747 0.603856 0.015839 0.024644
1 0.664083 0.600335 0.015844 0.024644
0 0.256471 0.619112 0.015182 0.024644
0 0.713591 0.597988 0.017161 0.022296
