1 0.680917 0.103940 0.016500 0.029338
0 0.486516 0.541660 0.018483 0.024644
0 0.457802 0.528164 0.011221 0.021123
0 0.763758 0.770494 0.007922 0.026991
0 0.737023 0.787510 0.020464 0.021123
0 0.715240 0.766974 0.008583 0.029338
1 0.411925 0.415507 0.025084 0.016430
1 0.416546 0.434870 0.027724 0.024644
1 0.370668 0.424895 0.016503 0.030511
1 0.346905 0.367980 0.009902 0.024644
1 0.546917 0.403185 0.027063 0.015256
1 0.530414 0.415507 0.009901 0.023470
1 0.549227 0.428416 0.017161 0.021123
