0 0.177590 0.701844 0.034325 0.021123
0 0.625797 0.296982 0.019802 0.023470
1 0.314890 0.500000 0.017162 0.025817
1 0.267693 0.514669 0.027064 0.024644
1 0.187161 0.623219 0.011222 0.025817
1 0.145905 0.637301 0.019803 0.023470
1 0.382550 0.678374 0.013862 0.023469
1 0.361097 0.660184 0.025084 0.019950
1 0.353506 0.686588 0.016503 0.023470
1 0.411265 0.592121 0.009241 0.024644
1 0.390802 0.578038 0.025084 0.017603
1 0.385521 0.602682 0.017162 0.019950
2 0.521831 0.321040 0.025744 0.015256
2 0.521831 0.345683 0.025744 0.019950
2 0.496088 0.327494 0.007261 0.023469
