0 0.208284 0.695976 0.017822 0.021123
0 0.173629 0.686001 0.010562 0.019949
0 0.478595 0.845012 0.010561 0.023470
0 0.453181 0.855574 0.016503 0.016429
0 0.128412 0.774014 0.015182 0.017603
0 0.133693 0.789857 0.013862 0.023470
0 0.104318 0.793964 0.015842 0.022297
1 0.615565 0.458341 0.019141 0.015256
1 0.618867 0.474769 0.019141 0.019950
1 0.584872 0.468902 0.011880 0.026991
1 0.567708 0.423722 0.014521 0.018777
1 0.545924 0.416094 0.007922 0.024644
1 0.650880 0.377368 0.011885 0.017603
1 0.638339 0.359179 0.010562 0.021123
1 0.629758 0.371500 0.007922 0.019949
