1 0.799073 0.564543 0.016500 0.018777
1 0.827128 0.574518 0.017161 0.019949
0 0.240959 0.418441 0.007921 0.017603
0 0.269673 0.427829 0.013862 0.015256
0 0.119501 0.593881 0.017162 0.021123
0 0.127092 0.610310 0.015182 0.023470
0 0.099698 0.610897 0.022443 0.017603
0 0.307299 0.331601 0.009902 0.019949
0 0.314560 0.344510 0.007261 0.015256
0 0.293437 0.347444 0.013862 0.014081
0 0.343274 0.360939 0.013202 0.017603
0 0.349546 0.376781 0.009902 0.014081
0 0.328092 0.375608 0.011882 0.016429
1 0.758807 0.936546 0.009906 0.016426
1 0.988852 0.592120 0.011880 0.019950
1 0.980271 0.602682 0.010562 0.017603
