1 0.943635 0.382649 0.012542 0.014081
1 0.935714 0.393797 0.008583 0.015256
1 0.958815 0.400838 0.015182 0.015256
1 0.672664 0.804526 0.010557 0.019950
1 0.644609 0.779882 0.013865 0.017603
1 0.649891 0.808047 0.013865 0.017603
0 0.375619 0.572171 0.013202 0.017603
0 0.344265 0.565130 0.009901 0.017603
0 0.123461 0.536966 0.017162 0.019950
0 0.129402 0.553981 0.011882 0.016430
0 0.104318 0.551634 0.013202 0.018776
0 0.268683 0.626739 0.018483 0.023470
0 0.239639 0.624392 0.017163 0.018777
0 0.324132 0.647862 0.015842 0.023470
0 0.305979 0.667812 0.015182 0.011735
