0 0.191782 0.575105 0.019143 0.075105
0 0.164718 0.575105 0.008581 0.058676
0 0.136003 0.585666 0.014522 0.077451
0 0.658474 0.674266 0.012542 0.034032
1 0.399383 0.436631 0.019803 0.028165
1 0.863104 0.552808 0.017823 0.018777
1 0.902049 0.532858 0.008578 0.018776
0 0.305649 0.672506 0.027724 0.018777
1 0.569029 0.265298 0.018484 0.018776
1 0.591141 0.279967 0.012542 0.019950
1 0.562427 0.282314 0.014521 0.019950
2 0.342945 0.364460 0.013862 0.017603
2 0.722833 0.592707 0.009240 0.023470
0 0.744945 0.584493 0.024422 0.016430
0 0.745273 0.608550 0.018484 0.019950
1 0.877297 0.684241 0.015844 0.016429
1 0.909971 0.714753 0.011224 0.023470
1 0.881255 0.716513 0.014521 0.019950
