1 0.989182 0.253562 0.019146 0.014082
1 0.924820 0.515843 0.007922 0.019950
1 0.943305 0.532858 0.011880 0.016430
1 0.676625 0.860855 0.011885 0.022296
1 0.649560 0.836211 0.013203 0.017603
1 0.653190 0.862615 0.013859 0.018776
0 0.377270 0.625566 0.013862 0.016430
0 0.345585 0.620871 0.009902 0.018776
0 0.094087 0.524057 0.021783 0.012908
0 0.096067 0.538139 0.015182 0.019950
2 0.076594 0.534619 0.007921 0.015256
0 0.244590 0.457754 0.015182 0.018776
0 0.251190 0.472423 0.009902 0.017603
0 0.228747 0.471836 0.013862 0.016429
0 0.295747 0.637300 0.011882 0.014082
0 0.289806 0.658424 0.019803 0.021123
0 0.261422 0.654903 0.011882 0.021123
