0 0.173959 0.389690 0.009902 0.014082
0 0.246570 0.443671 0.009902 0.016430
0 0.215215 0.450713 0.013202 0.016429
0 0.163397 0.457167 0.017823 0.015256
0 0.160097 0.473596 0.017823 0.015256
0 0.184851 0.464208 0.013202 0.019949
1 0.853201 0.883151 0.013859 0.017603
1 0.689828 0.867896 0.010562 0.017603
1 0.703029 0.893713 0.014526 0.017603
1 0.866073 0.910142 0.015844 0.019950
1 0.691807 0.384996 0.013198 0.016429
1 0.854523 0.477116 0.015182 0.017603
1 0.832737 0.466555 0.015182 0.012908
1 0.826469 0.482397 0.014521 0.018776
