1 0.991823 0.245348 0.017823 0.016430
0 0.139964 0.448365 0.010562 0.014082
0 0.131713 0.470662 0.013863 0.014082
0 0.091447 0.492959 0.016503 0.016429
0 0.097717 0.508801 0.011882 0.015256
0 0.074614 0.504694 0.011882 0.016429
0 0.234358 0.445431 0.013202 0.015256
0 0.096397 0.585079 0.007921 0.024644
0 0.071973 0.598575 0.022444 0.018776
1 0.948917 0.519363 0.013865 0.015256
1 0.933073 0.500000 0.005938 0.018776
1 0.604674 0.326320 0.011880 0.016430
1 0.577940 0.326320 0.007266 0.016430
1 0.839669 0.667812 0.021120 0.018776
1 0.822836 0.647863 0.009901 0.016429
