1 0.807326 0.551048 0.018484 0.019949
1 0.835049 0.555742 0.013203 0.019950
0 0.215875 0.429589 0.009241 0.016429
0 0.184190 0.437217 0.014522 0.017603
0 0.130392 0.587426 0.016503 0.022297
0 0.137654 0.603269 0.015182 0.021123
0 0.110259 0.604443 0.021123 0.018776
0 0.319511 0.322800 0.013202 0.018776
0 0.326772 0.336295 0.010561 0.015256
0 0.305979 0.338643 0.012542 0.015256
0 0.304659 0.380302 0.015182 0.016430
0 0.309940 0.395557 0.011222 0.016430
0 0.287166 0.393797 0.011882 0.015256
1 0.628107 0.901927 0.011224 0.022297
1 0.659133 0.923638 0.008578 0.018779
1 0.875974 0.663118 0.009240 0.021123
1 0.867062 0.673680 0.008583 0.016430
1 0.891818 0.684241 0.015844 0.016429
