0 0.201023 0.375021 0.015182 0.012908
0 0.183530 0.386756 0.010561 0.017603
0 0.186501 0.466555 0.011221 0.019949
0 0.218516 0.464208 0.011882 0.017603
0 0.142274 0.576865 0.015182 0.017603
0 0.148545 0.592707 0.014522 0.021123
0 0.120161 0.590360 0.019803 0.016430
1 0.916901 0.834450 0.011885 0.018777
1 0.949906 0.857334 0.007917 0.022297
1 0.926471 0.862615 0.015182 0.018776
1 0.703359 0.900167 0.011219 0.021123
1 0.672664 0.873176 0.011880 0.016429
1 0.678607 0.901927 0.013203 0.019949
1 0.471004 0.350377 0.008581 0.010562
1 0.443610 0.350377 0.007921 0.017603
1 0.898747 0.644342 0.011224 0.016430
1 0.917891 0.663705 0.021781 0.019950
