0 0.036988 0.572758 0.013202 0.028164
0 0.288816 0.249456 0.015182 0.017602
0 0.255151 0.244175 0.011222 0.021123
1 0.771018 0.759932 0.013203 0.022296
1 0.778609 0.791031 0.016500 0.021123
1 0.805674 0.783403 0.009901 0.024644
0 0.091116 0.460688 0.014522 0.024644
0 0.101678 0.476530 0.009241 0.018776
0 0.073624 0.483571 0.017822 0.021123
0 0.267033 0.599162 0.011222 0.019949
0 0.254821 0.625566 0.017163 0.018776
0 0.217526 0.590360 0.013862 0.023470
2 0.226767 0.602682 0.007261 0.019950
0 0.197723 0.613244 0.027064 0.022296
