1 0.941654 0.258257 0.016505 0.016429
0 0.140624 0.402599 0.011882 0.014082
0 0.118180 0.407293 0.011882 0.014081
0 0.138974 0.382649 0.011221 0.011735
0 0.233698 0.395558 0.009242 0.014082
0 0.226767 0.414920 0.012542 0.015256
0 0.207294 0.409640 0.007921 0.014081
0 0.462752 0.528164 0.011882 0.014082
0 0.042929 0.503520 0.010562 0.016430
0 0.051840 0.516429 0.007261 0.018777
0 0.028737 0.521123 0.023103 0.016430
1 0.940003 0.920119 0.017161 0.018781
1 0.801714 0.390277 0.008583 0.015256
1 0.813266 0.407880 0.013198 0.015256
1 0.575958 0.367980 0.007260 0.012908
1 0.915250 0.444845 0.011219 0.016429
1 0.936044 0.457167 0.018484 0.015256
1 0.907990 0.458340 0.009906 0.017603
