1 0.859143 0.623219 0.011224 0.014081
2 0.900729 0.643168 0.008583 0.021123
1 0.872346 0.646102 0.020464 0.017603
0 0.200363 0.448366 0.013862 0.016430
0 0.170659 0.440738 0.009902 0.017603
0 0.107619 0.607963 0.014522 0.021124
0 0.115210 0.620871 0.015182 0.023470
0 0.086496 0.625566 0.022443 0.018776
0 0.284526 0.349791 0.011882 0.014081
0 0.280895 0.368567 0.012542 0.016430
0 0.259442 0.366220 0.010561 0.016429
0 0.345585 0.360939 0.009902 0.017603
0 0.335023 0.379128 0.013862 0.016429
1 0.858812 0.930089 0.015844 0.017599
1 0.845612 0.900754 0.011880 0.022296
