1 0.918552 0.253562 0.017823 0.014082
0 0.206634 0.392037 0.010561 0.016430
0 0.214555 0.405532 0.007921 0.015256
0 0.191782 0.408466 0.012542 0.014082
0 0.194422 0.697737 0.009902 0.017603
0 0.178910 0.717687 0.022443 0.017603
1 0.852211 0.832103 0.006599 0.021123
1 0.831089 0.840905 0.014521 0.017603
1 0.867396 0.433110 0.005281 0.016429
1 0.841320 0.420201 0.008578 0.014082
1 0.850232 0.439564 0.011880 0.015256
1 0.774648 0.449539 0.015182 0.016430
1 0.754518 0.441911 0.013203 0.012909
1 0.749896 0.456580 0.014521 0.016429
