1 0.944625 0.277619 0.018479 0.015256
0 0.069003 0.612070 0.012542 0.017603
0 0.043919 0.620285 0.012542 0.015256
0 0.089796 0.433697 0.010561 0.012908
0 0.082205 0.453646 0.015182 0.015256
0 0.163067 0.463034 0.013202 0.015256
0 0.052171 0.485918 0.021123 0.014082
0 0.056461 0.503520 0.021783 0.018776
0 0.031047 0.494719 0.013202 0.017603
1 0.867062 0.896647 0.012542 0.021123
1 0.843299 0.889019 0.009901 0.022296
1 0.841318 0.635540 0.012542 0.017603
1 0.860133 0.651383 0.021120 0.018777
2 0.834388 0.644929 0.007922 0.022296
