0 0.201683 0.364459 0.007261 0.015256
0 0.193102 0.381475 0.012542 0.016429
0 0.274294 0.397318 0.013862 0.012908
0 0.281225 0.410813 0.009242 0.014082
0 0.259442 0.412573 0.013202 0.015256
0 0.212905 0.485918 0.012542 0.016429
0 0.180890 0.485331 0.010561 0.017603
0 0.140294 0.454819 0.011222 0.015256
0 0.129072 0.472422 0.021783 0.015256
0 0.105968 0.465969 0.007261 0.018776
1 0.942974 0.920116 0.007260 0.021120
1 0.909641 0.901341 0.010563 0.018776
1 0.921521 0.928333 0.014521 0.018779
1 0.632729 0.404945 0.012542 0.018776
2 0.904359 0.487091 0.007917 0.016429
1 0.912281 0.478290 0.010562 0.019950
1 0.929773 0.492959 0.020464 0.016429
