0 0.192772 0.574518 0.019803 0.073931
0 0.165708 0.574518 0.009241 0.057502
0 0.137323 0.585080 0.017162 0.080972
0 0.386181 0.549288 0.014522 0.028164
1 0.276934 0.704778 0.025744 0.019950
1 0.314230 0.697150 0.013202 0.023470
1 0.876966 0.520537 0.015182 0.017603
1 0.840990 0.508214 0.009240 0.021123
0 0.493117 0.801592 0.018483 0.025818
0 0.530414 0.788683 0.015182 0.023470
1 0.587844 0.281140 0.012542 0.019949
1 0.566057 0.262950 0.019146 0.021123
1 0.557148 0.281140 0.011880 0.019949
2 0.368028 0.351551 0.007261 0.019950
2 0.344595 0.363286 0.014522 0.019950
2 0.781911 0.526991 0.008583 0.021124
0 0.761120 0.510562 0.025083 0.014082
0 0.757156 0.528164 0.018479 0.021123
1 0.934065 0.710645 0.007922 0.022296
1 0.913271 0.704777 0.027063 0.017603
1 0.910958 0.728248 0.019802 0.022297
