1 0.966737 0.254736 0.020464 0.016430
0 0.227757 0.425482 0.014522 0.017603
0 0.200363 0.415507 0.008581 0.021123
0 0.177920 0.372674 0.020463 0.015256
0 0.176599 0.387930 0.015182 0.019950
1 0.856503 0.616764 0.011224 0.019949
1 0.871354 0.639061 0.022448 0.017603
1 0.637680 0.377369 0.011880 0.015256
1 0.686195 0.878457 0.015182 0.019950
1 0.671344 0.854400 0.009240 0.023470
1 0.926471 0.418441 0.009901 0.017603
1 0.939016 0.439564 0.013865 0.015256
1 0.662763 0.868482 0.006599 0.018776
