0 0.158116 0.580972 0.017822 0.070411
0 0.132703 0.578625 0.006601 0.046941
0 0.106629 0.592707 0.013862 0.075105
0 0.325122 0.532271 0.009902 0.026991
1 0.535034 0.245935 0.016505 0.022296
1 0.510941 0.238307 0.019806 0.016429
1 0.505659 0.255910 0.018483 0.021123
1 0.920862 0.786923 0.015839 0.015256
0 0.255481 0.457754 0.018483 0.014081
0 0.248550 0.473009 0.019143 0.018776
1 0.526453 0.316346 0.017824 0.017603
1 0.546914 0.332188 0.011224 0.018776
1 0.519192 0.335122 0.012543 0.017603
2 0.291127 0.317519 0.009242 0.017603
0 0.344925 0.355658 0.013862 0.021123
0 0.310270 0.348617 0.011882 0.018777
2 0.974328 0.817435 0.014521 0.019949
