1 0.950568 0.257083 0.015844 0.016430
0 0.037978 0.671333 0.011222 0.021123
0 0.091777 0.596814 0.013202 0.017603
0 0.067683 0.605029 0.015182 0.015256
0 0.203993 0.440738 0.013202 0.015256
0 0.177590 0.431350 0.006601 0.019949
0 0.057782 0.523470 0.009902 0.018776
0 0.044909 0.542246 0.023764 0.018776
1 0.888846 0.884325 0.008578 0.019949
1 0.856833 0.861441 0.009240 0.018777
1 0.869703 0.888432 0.008583 0.018777
1 0.930763 0.486505 0.018484 0.015256
1 0.947594 0.494132 0.007260 0.016430
1 0.928453 0.501760 0.013865 0.015256
1 0.806995 0.644342 0.013865 0.016430
1 0.828448 0.657837 0.018479 0.019950
1 0.800393 0.658424 0.013859 0.023470
