1 0.943305 0.246522 0.015839 0.021123
0 0.064712 0.596228 0.011882 0.021123
0 0.072964 0.606790 0.008581 0.023470
0 0.048540 0.616177 0.024423 0.016429
0 0.205974 0.429589 0.014522 0.018777
0 0.176929 0.420788 0.009241 0.019950
0 0.138314 0.474183 0.020464 0.018777
0 0.142934 0.493546 0.012542 0.019949
0 0.120491 0.485918 0.009902 0.016429
1 0.876305 0.626152 0.020464 0.019949
1 0.858812 0.608550 0.010562 0.022297
1 0.849570 0.620285 0.007922 0.024644
1 0.927792 0.429589 0.012542 0.018777
1 0.918880 0.441911 0.009240 0.015256
1 0.943305 0.446019 0.011880 0.016430
1 0.669034 0.908968 0.009901 0.017603
