1 0.944953 0.260017 0.017823 0.015256
0 0.139304 0.384996 0.009242 0.018776
0 0.135673 0.405532 0.013862 0.015256
0 0.114220 0.403186 0.009242 0.017603
0 0.220826 0.421375 0.015182 0.014082
0 0.226107 0.437217 0.011222 0.017603
0 0.203664 0.433110 0.011222 0.014082
0 0.463083 0.528164 0.013862 0.014082
0 0.045570 0.494719 0.011882 0.015256
0 0.054151 0.509975 0.007921 0.017603
0 0.031047 0.514669 0.022443 0.015256
1 0.956505 0.903101 0.010563 0.019950
1 0.932083 0.907208 0.014521 0.021123
1 0.808974 0.424895 0.017823 0.011735
1 0.810956 0.440151 0.011224 0.014081
1 0.793792 0.430176 0.005937 0.017603
1 0.572328 0.353898 0.006604 0.015256
1 0.915250 0.443671 0.011219 0.016430
1 0.935055 0.455406 0.019141 0.014081
1 0.908648 0.457754 0.011224 0.016430
