1 0.655172 0.324560 0.017823 0.031685
1 0.620185 0.318693 0.029703 0.022296
1 0.613917 0.349791 0.030365 0.028165
1 0.537344 0.354485 0.011885 0.025818
0 0.513910 0.424308 0.015181 0.026991
0 0.459452 0.436044 0.021123 0.026991
0 0.453511 0.503520 0.022443 0.028165
0 0.442289 0.528751 0.014522 0.029337
0 0.481895 0.531098 0.021123 0.026991
1 0.656490 0.805700 0.023104 0.029338
1 0.630417 0.782816 0.009240 0.028164
1 0.438989 0.674266 0.021123 0.019949
1 0.431068 0.721794 0.017162 0.035206
1 0.467373 0.748198 0.018483 0.024644
