0 0.082535 0.414921 0.007921 0.017603
0 0.076264 0.433696 0.015182 0.015256
0 0.214885 0.378542 0.012542 0.012909
0 0.221816 0.392037 0.010561 0.014081
0 0.199373 0.393797 0.011882 0.015256
0 0.281885 0.564543 0.021123 0.016429
0 0.258782 0.553395 0.007921 0.022297
1 0.929443 0.886672 0.009240 0.019949
1 0.897096 0.863788 0.013203 0.018776
1 0.906341 0.891366 0.017161 0.019950
1 0.907331 0.427242 0.011224 0.014082
1 0.922182 0.444258 0.013198 0.015256
1 0.897758 0.437804 0.007922 0.016429
1 0.576620 0.339229 0.009906 0.014082
1 0.799404 0.604443 0.010557 0.016430
1 0.792141 0.618525 0.010562 0.014082
1 0.819867 0.620871 0.021120 0.018776
