1 0.751216 0.450713 0.017161 0.025818
1 0.725471 0.445432 0.017161 0.022297
1 0.612927 0.379128 0.012542 0.021123
1 0.632729 0.876697 0.012542 0.021123
1 0.640318 0.903688 0.015844 0.021123
1 0.663091 0.896646 0.009901 0.023470
1 0.907659 0.446605 0.009245 0.017603
1 0.919211 0.466555 0.013859 0.015256
0 0.218185 0.422548 0.015182 0.018776
0 0.247230 0.420201 0.011221 0.021123
0 0.065042 0.607376 0.016503 0.019950
0 0.074944 0.586840 0.011221 0.023470
0 0.043589 0.605029 0.009241 0.019949
