1 0.937034 0.232440 0.013859 0.016430
0 0.104648 0.417854 0.009901 0.014082
0 0.097717 0.436631 0.013202 0.016430
0 0.143264 0.452473 0.010562 0.017603
0 0.130062 0.470075 0.015842 0.015256
0 0.311590 0.357419 0.011882 0.015256
0 0.283205 0.349204 0.007921 0.017603
0 0.081875 0.502347 0.017162 0.018776
0 0.052500 0.503520 0.019143 0.016430
1 0.910302 0.406706 0.010562 0.017603
1 0.921193 0.426069 0.012542 0.016429
1 0.585201 0.328668 0.013859 0.016430
1 0.556487 0.324560 0.007922 0.017602
1 0.892807 0.646102 0.011219 0.019950
1 0.853862 0.618525 0.011224 0.014082
1 0.863432 0.643169 0.019802 0.018776
