1 0.984232 0.317519 0.018484 0.015256
0 0.392122 0.404359 0.009242 0.012908
0 0.386841 0.421962 0.013202 0.012908
0 0.365058 0.685414 0.011882 0.014082
0 0.335353 0.679547 0.009241 0.016430
0 0.107289 0.620872 0.009902 0.014082
0 0.096727 0.640235 0.020463 0.017603
1 0.727122 0.911315 0.007266 0.019949
1 0.698740 0.893126 0.008583 0.018776
1 0.706000 0.917181 0.013865 0.017600
1 0.881917 0.714752 0.010562 0.016429
1 0.864753 0.702431 0.013203 0.017602
1 0.857823 0.716512 0.011219 0.017603
1 0.625797 0.487091 0.011885 0.016429
