1 0.958156 0.298156 0.017823 0.014082
0 0.285516 0.355658 0.009902 0.014081
0 0.293767 0.365633 0.009241 0.012908
0 0.274294 0.372088 0.012542 0.014082
0 0.399713 0.388516 0.008581 0.014082
0 0.392452 0.406119 0.012542 0.014082
0 0.373309 0.402599 0.005941 0.016429
0 0.150525 0.515843 0.014522 0.015256
0 0.107949 0.524057 0.021783 0.015256
0 0.086496 0.521124 0.009241 0.021123
1 0.969380 0.914249 0.008583 0.018776
1 0.938026 0.890779 0.010563 0.018776
1 0.944956 0.918944 0.015182 0.018778
1 0.653193 0.422548 0.012542 0.016430
1 0.920862 0.493545 0.009245 0.015256
1 0.935385 0.512322 0.021125 0.015256
