1 0.739664 0.495306 0.036307 0.035205
1 0.692797 0.463621 0.023104 0.037552
1 0.677615 0.495306 0.019146 0.037553
1 0.562427 0.382062 0.009240 0.031685
1 0.507309 0.427829 0.025744 0.029338
0 0.439649 0.503521 0.026404 0.032858
0 0.376609 0.487092 0.015182 0.035206
1 0.757487 0.779295 0.021786 0.023470
1 0.805344 0.843839 0.023760 0.035206
1 0.755508 0.833864 0.020464 0.034031
0 0.323141 0.544007 0.019143 0.029338
0 0.344925 0.588013 0.028384 0.035206
1 0.442289 0.791617 0.021123 0.036379
1 0.442289 0.737636 0.022443 0.024644
1 0.492457 0.792204 0.021123 0.032858
