1 0.938026 0.437217 0.010563 0.012908
1 0.964430 0.453059 0.007922 0.018776
1 0.945945 0.460100 0.013203 0.016429
1 0.658143 0.818021 0.013203 0.018776
1 0.685536 0.845012 0.011219 0.021123
1 0.661112 0.846186 0.013859 0.018777
0 0.375949 0.624392 0.012542 0.016429
0 0.117190 0.602682 0.011221 0.019950
0 0.109269 0.587426 0.016503 0.019949
0 0.092436 0.606789 0.017162 0.016429
0 0.244920 0.465968 0.011882 0.021123
0 0.252181 0.478290 0.010561 0.015256
0 0.229407 0.482397 0.013862 0.016430
0 0.316210 0.640821 0.013202 0.021123
0 0.335683 0.652556 0.020464 0.018776
0 0.309609 0.654904 0.013202 0.023470
