1 0.894128 0.629086 0.017818 0.018776
1 0.865083 0.616764 0.016500 0.019949
0 0.265383 0.433697 0.014522 0.017603
0 0.234688 0.424895 0.009902 0.016430
0 0.106299 0.613831 0.017163 0.023470
0 0.112899 0.626739 0.017162 0.023470
0 0.084185 0.629673 0.021783 0.017603
0 0.303339 0.338056 0.011222 0.018776
0 0.310599 0.351551 0.007261 0.017602
0 0.289476 0.355072 0.013862 0.017603
0 0.339314 0.366220 0.017162 0.014082
0 0.342944 0.381475 0.012542 0.016429
0 0.321821 0.374434 0.008581 0.016430
1 0.833068 0.928329 0.009240 0.021119
1 0.811945 0.943000 0.017161 0.017611
