0 0.182870 0.492959 0.021123 0.082145
0 0.121811 0.502934 0.016503 0.088014
0 0.409284 0.478877 0.023764 0.028165
0 0.826466 0.325147 0.018484 0.023470
0 0.647581 0.343923 0.027724 0.018776
0 0.619195 0.350964 0.013203 0.023470
0 0.649560 0.368567 0.027724 0.021123
1 0.339314 0.741156 0.014522 0.026991
1 0.303008 0.703018 0.017162 0.018776
2 0.375949 0.247695 0.008581 0.023470
2 0.348885 0.257670 0.016503 0.019950
0 0.806667 0.393211 0.030365 0.018777
0 0.803365 0.416681 0.021125 0.023470
1 0.735703 0.468902 0.012542 0.019950
1 0.754188 0.496479 0.017823 0.021123
