0 0.191782 0.575105 0.019143 0.077452
0 0.164717 0.573344 0.005941 0.052807
0 0.136663 0.586253 0.014522 0.078625
0 0.633060 0.622045 0.013203 0.028164
1 0.303998 0.558675 0.017823 0.025818
1 0.270334 0.575691 0.023104 0.024644
1 0.840328 0.499413 0.015844 0.019950
0 0.342944 0.783403 0.028384 0.024644
2 0.310930 0.765213 0.009242 0.025818
1 0.570018 0.264711 0.019141 0.017602
1 0.591802 0.278793 0.012542 0.017603
1 0.563417 0.282313 0.012542 0.017603
2 0.343604 0.362699 0.013862 0.018776
0 0.750555 0.585080 0.022443 0.022296
2 0.755508 0.606789 0.013859 0.021123
0 0.727453 0.596228 0.011885 0.023470
1 0.845281 0.673679 0.019146 0.021123
1 0.869375 0.693629 0.014521 0.018777
1 0.836036 0.691282 0.012542 0.018776
