1 0.967068 0.248282 0.019802 0.015256
0 0.105309 0.422549 0.009902 0.014082
0 0.096067 0.443085 0.015182 0.015256
0 0.205974 0.451886 0.010562 0.016430
0 0.199373 0.472422 0.014522 0.015256
0 0.178579 0.469488 0.007261 0.014082
0 0.325782 0.342163 0.007261 0.015256
0 0.303339 0.353898 0.012542 0.015256
1 0.934393 0.438977 0.008578 0.016429
1 0.907659 0.421962 0.009245 0.012908
1 0.914260 0.443085 0.013198 0.019949
1 0.834388 0.616177 0.011880 0.016429
1 0.847919 0.637888 0.020464 0.017603
2 0.875646 0.633780 0.008583 0.018777
