1 0.994133 0.246522 0.013203 0.014082
0 0.114550 0.434283 0.007261 0.014081
0 0.097387 0.429003 0.020463 0.010561
0 0.094417 0.445431 0.014522 0.015256
0 0.314230 0.378542 0.009241 0.015256
0 0.305649 0.396731 0.014522 0.014082
0 0.261422 0.358592 0.005281 0.015256
0 0.236998 0.370327 0.013202 0.017603
1 0.936375 0.438391 0.007260 0.015256
1 0.908651 0.423722 0.008583 0.014082
1 0.917229 0.443085 0.012542 0.015256
1 0.581901 0.339229 0.008583 0.014082
1 0.873005 0.608550 0.017823 0.017603
1 0.845281 0.599749 0.016500 0.021123
