0 0.074944 0.596228 0.016503 0.014081
0 0.080225 0.611484 0.012542 0.014082
0 0.056461 0.608550 0.012542 0.015256
0 0.163067 0.427242 0.009242 0.014082
0 0.170988 0.437804 0.007921 0.014082
0 0.150525 0.446019 0.014522 0.016430
0 0.355816 0.468315 0.009241 0.014082
0 0.329412 0.464795 0.010561 0.016429
0 0.136993 0.511148 0.011222 0.019950
0 0.144585 0.523470 0.011882 0.021123
0 0.118180 0.526404 0.021123 0.017603
1 0.866073 0.871416 0.014521 0.019949
1 0.843961 0.861441 0.009901 0.018777
1 0.584211 0.369154 0.011880 0.015256
1 0.557148 0.369153 0.007922 0.017603
1 0.810625 0.614417 0.013198 0.019949
1 0.836036 0.630260 0.017823 0.016429
