0 0.191452 0.574518 0.019803 0.073931
0 0.164388 0.574518 0.006601 0.050461
0 0.135013 0.586840 0.016502 0.079798
0 0.499718 0.585666 0.027724 0.018777
1 0.513909 0.251216 0.019141 0.023470
1 0.547245 0.245348 0.018479 0.023470
1 0.978951 0.605616 0.014526 0.021123
1 0.935055 0.615004 0.016505 0.021123
0 0.343274 0.502347 0.021123 0.025818
1 0.611935 0.286421 0.011880 0.018776
1 0.589820 0.271166 0.020464 0.018776
1 0.583552 0.288768 0.014521 0.018777
0 0.838349 0.674853 0.014521 0.028164
0 0.849242 0.691869 0.011224 0.022297
0 0.819206 0.698324 0.018484 0.021123
0 0.340964 0.403185 0.012542 0.015256
1 0.869372 0.701844 0.013203 0.021123
1 0.858812 0.716513 0.007917 0.019950
1 0.887526 0.728834 0.017823 0.023470
