0 0.107289 0.592121 0.015182 0.071584
0 0.159107 0.580972 0.018483 0.070411
0 0.133693 0.580972 0.008581 0.053981
0 0.315220 0.501760 0.011222 0.029337
1 0.535365 0.246522 0.014521 0.021123
1 0.511599 0.238894 0.019802 0.017603
1 0.505989 0.257670 0.020463 0.019950
1 0.946935 0.843252 0.016505 0.022296
1 0.986211 0.839731 0.009245 0.019950
0 0.238648 0.477117 0.015182 0.019950
0 0.214225 0.465968 0.021783 0.014082
0 0.208944 0.482398 0.023104 0.021123
1 0.527114 0.316932 0.017825 0.016430
1 0.547245 0.332775 0.010562 0.019950
1 0.519850 0.332775 0.012540 0.017603
2 0.316210 0.315759 0.011882 0.018777
2 0.291457 0.318106 0.011222 0.018776
