1 0.889508 0.307544 0.013859 0.016430
0 0.018835 0.673680 0.011222 0.018776
0 0.055141 0.521123 0.011221 0.014081
0 0.045570 0.539312 0.014522 0.017603
0 0.384201 0.696563 0.013202 0.017602
0 0.355486 0.691282 0.008581 0.018776
0 0.118510 0.619698 0.008581 0.016430
0 0.108279 0.637888 0.019803 0.012908
1 0.840659 0.605616 0.009901 0.014082
1 0.865745 0.622632 0.007260 0.017603
1 0.846599 0.626739 0.012542 0.016429
1 0.637349 0.487091 0.012542 0.016429
1 0.879607 0.500587 0.019141 0.012908
1 0.879938 0.517603 0.019802 0.014081
1 0.863435 0.503520 0.007922 0.018776
