1 0.898089 0.251802 0.016500 0.017603
0 0.212575 0.364460 0.010562 0.012908
0 0.219176 0.378542 0.007921 0.015256
0 0.197062 0.380888 0.013862 0.012908
0 0.185180 0.734116 0.009902 0.015256
0 0.169338 0.752892 0.023104 0.015256
1 0.843299 0.843839 0.009901 0.018776
1 0.822177 0.847359 0.011219 0.018776
1 0.878615 0.433696 0.006604 0.015256
1 0.852542 0.420201 0.008583 0.011735
1 0.860133 0.438391 0.011880 0.015256
1 0.594443 0.366806 0.011219 0.012909
1 0.677615 0.427829 0.008583 0.012908
1 0.691148 0.444845 0.018484 0.016429
