0 0.193762 0.370327 0.017823 0.010562
0 0.195742 0.384409 0.013862 0.015256
0 0.193432 0.399078 0.010561 0.011735
0 0.187821 0.417268 0.013862 0.012909
0 0.167688 0.416094 0.006601 0.015256
0 0.278585 0.448952 0.011882 0.015256
0 0.247560 0.446019 0.010561 0.016430
0 0.098378 0.481810 0.010561 0.015256
0 0.104978 0.492372 0.009241 0.017602
0 0.082865 0.498826 0.021783 0.014082
1 0.969711 0.909555 0.007922 0.018777
1 0.936706 0.889019 0.011880 0.019950
1 0.946604 0.916008 0.014521 0.019947
1 0.910961 0.471249 0.011880 0.015256
1 0.929773 0.487091 0.020464 0.014082
2 0.903039 0.480050 0.007922 0.018776
