0 0.191782 0.573931 0.019143 0.077452
0 0.164717 0.571584 0.007261 0.053981
0 0.136333 0.585080 0.015182 0.076278
0 0.364728 0.496479 0.011222 0.032858
1 0.327432 0.768734 0.029044 0.021123
1 0.305649 0.740569 0.006601 0.023470
1 0.853862 0.507628 0.008578 0.019950
1 0.891156 0.518776 0.015844 0.021123
0 0.545596 0.768147 0.011224 0.022296
0 0.520842 0.756999 0.023765 0.016429
0 0.517870 0.776948 0.021781 0.023470
1 0.545266 0.311651 0.014521 0.017603
1 0.519190 0.313412 0.013860 0.021123
2 0.368028 0.350377 0.008581 0.019949
2 0.342945 0.361526 0.013862 0.018776
0 0.793130 0.478290 0.023104 0.019950
0 0.769370 0.487678 0.012542 0.019949
0 0.796435 0.500000 0.015182 0.021124
1 0.802044 0.598575 0.017161 0.025817
1 0.810625 0.616178 0.011885 0.023470
1 0.778940 0.619111 0.014526 0.019950
