0 0.020816 0.676027 0.011222 0.023470
0 0.124121 0.410813 0.007921 0.016429
0 0.113890 0.429589 0.015182 0.014082
0 0.203003 0.428416 0.009902 0.016430
0 0.210265 0.439564 0.008581 0.015256
0 0.188151 0.443672 0.013202 0.014082
0 0.461762 0.522883 0.012542 0.015256
0 0.098378 0.529925 0.009242 0.017603
0 0.105639 0.542246 0.010561 0.014081
0 0.084515 0.545180 0.022443 0.017603
1 0.897430 0.901340 0.009901 0.021123
1 0.866073 0.877283 0.011885 0.019950
1 0.873664 0.907208 0.016505 0.018776
1 0.927133 0.448952 0.009901 0.015256
1 0.954526 0.463034 0.005281 0.015256
1 0.935385 0.470662 0.014521 0.016430
1 0.849901 0.673680 0.013865 0.018776
1 0.813596 0.644928 0.011224 0.012908
1 0.820198 0.668399 0.017823 0.017603
