0 0.084515 0.794551 0.043566 0.030511
2 0.815576 0.523470 0.009901 0.025817
1 0.830760 0.504107 0.017823 0.029338
1 0.863102 0.538139 0.036307 0.031685
1 0.734052 0.444258 0.019802 0.031685
1 0.671344 0.445432 0.015844 0.031684
0 0.569359 0.541073 0.023104 0.028164
1 0.579260 0.654904 0.017823 0.030511
1 0.533383 0.610310 0.023766 0.028164
0 0.009924 0.189606 0.019803 0.024644
0 0.016525 0.219531 0.018483 0.028164
1 0.572331 0.708885 0.017161 0.028164
1 0.528103 0.713579 0.019804 0.030511
1 0.523152 0.673093 0.019144 0.022296
