0 0.011574 0.512908 0.020463 0.011735
0 0.010254 0.529925 0.016502 0.012908
2 0.119831 0.403772 0.005941 0.016430
0 0.135673 0.397905 0.020463 0.011735
0 0.138643 0.414334 0.014522 0.014082
0 0.242279 0.445432 0.013202 0.017603
0 0.211255 0.445432 0.010561 0.017603
0 0.157126 0.535205 0.009241 0.016429
0 0.136663 0.528164 0.021123 0.011735
0 0.134353 0.544594 0.020463 0.016430
1 0.963437 0.884912 0.013865 0.021123
1 0.976310 0.913076 0.017161 0.018776
1 0.736693 0.894886 0.009240 0.019950
1 0.707320 0.867309 0.011224 0.014082
1 0.711940 0.896060 0.012547 0.017603
1 0.864091 0.565717 0.007922 0.016430
1 0.845940 0.565130 0.020464 0.012908
1 0.844622 0.584493 0.020464 0.016430
