0 0.322151 0.371500 0.015842 0.019949
0 0.298718 0.352137 0.020464 0.021123
0 0.289806 0.373261 0.013202 0.018776
0 0.185180 0.354485 0.007261 0.021123
0 0.148215 0.370913 0.019143 0.021123
1 0.872013 0.443085 0.013203 0.019949
1 0.909971 0.467728 0.009901 0.024644
1 0.881255 0.473009 0.017167 0.023470
1 0.627117 0.413747 0.015839 0.022296
1 0.586521 0.409053 0.007260 0.024644
1 0.777620 0.561023 0.014521 0.025818
1 0.724812 0.529925 0.014521 0.017603
1 0.737354 0.558675 0.025083 0.023469
