0 0.159767 0.579212 0.018483 0.069237
0 0.135343 0.578038 0.009241 0.052808
0 0.109599 0.589187 0.014522 0.072757
0 0.570349 0.631433 0.011885 0.030511
1 0.534703 0.244175 0.014521 0.023470
1 0.510941 0.237720 0.019806 0.012909
1 0.505989 0.255910 0.019143 0.021123
1 0.808974 0.766974 0.017823 0.019949
0 0.288156 0.412574 0.019143 0.019949
0 0.257132 0.415507 0.019143 0.023470
1 0.525462 0.312825 0.013202 0.019950
1 0.543615 0.331015 0.013865 0.018776
1 0.516550 0.327494 0.009900 0.021123
2 0.305979 0.345683 0.011221 0.019950
0 0.623815 0.615004 0.017161 0.016429
0 0.321491 0.365046 0.011882 0.018776
2 0.929773 0.765213 0.013859 0.016429
2 0.907992 0.784576 0.015182 0.022297
