0 0.218186 0.365046 0.012542 0.014081
0 0.202343 0.380889 0.012542 0.015256
0 0.224126 0.379715 0.007261 0.015256
0 0.234688 0.451886 0.013862 0.016430
0 0.203003 0.448952 0.008581 0.017603
0 0.140624 0.577452 0.015843 0.016430
0 0.147885 0.594468 0.015843 0.019950
0 0.118510 0.591534 0.019143 0.018777
1 0.945615 0.837384 0.013865 0.017602
1 0.955516 0.864375 0.017823 0.019950
1 0.726461 0.872590 0.011224 0.022296
1 0.695768 0.850880 0.011880 0.018776
1 0.702698 0.877283 0.013865 0.019950
1 0.451531 0.352725 0.011882 0.017603
1 0.421166 0.353311 0.010561 0.018776
1 0.936044 0.623219 0.011880 0.018776
1 0.952216 0.644929 0.021786 0.019950
2 0.980932 0.642581 0.009240 0.019950
