0 0.252181 0.429003 0.013202 0.015256
1 0.362087 0.404359 0.007261 0.017603
1 0.388161 0.407293 0.011882 0.018776
1 0.847260 0.638474 0.011219 0.016430
1 0.840659 0.651383 0.009901 0.018777
1 0.866734 0.654903 0.019802 0.016429
1 0.919542 0.444845 0.010562 0.016429
1 0.930104 0.464208 0.014521 0.015256
1 0.638339 0.882564 0.014521 0.018777
1 0.641310 0.910729 0.013859 0.018776
1 0.665404 0.908969 0.011880 0.022296
0 0.073294 0.589187 0.022444 0.016429
0 0.075934 0.607376 0.015842 0.017603
2 0.056791 0.596228 0.009242 0.021123
