1 0.942315 0.254150 0.015182 0.017603
0 0.018835 0.641408 0.009902 0.019949
0 0.088476 0.599749 0.013202 0.016429
0 0.063392 0.603269 0.011882 0.016429
0 0.188811 0.462448 0.011882 0.016429
0 0.156466 0.465968 0.013202 0.016429
0 0.064712 0.525230 0.010561 0.017603
0 0.051510 0.545180 0.023764 0.017603
1 0.903370 0.906034 0.008583 0.023470
1 0.871682 0.883738 0.012542 0.016430
1 0.881255 0.912489 0.015844 0.017602
1 0.952216 0.463034 0.013859 0.015256
1 0.929443 0.460688 0.010562 0.012908
1 0.936375 0.446019 0.011219 0.014081
1 0.828776 0.622632 0.012542 0.017603
1 0.850891 0.637888 0.019802 0.017603
1 0.822174 0.634954 0.009901 0.021124
